#        weight    minuslogpost              A2   minuslogprior minuslogprior__0            chi2   chi2__loglike
              4       -59.95103   2.3489787e-30      -66.785018       -66.785018       13.667976       13.667976
              1      -60.299103    2.648675e-30      -66.785018       -66.785018        12.97183        12.97183
              1      -60.383171   2.7327931e-30      -66.785018       -66.785018       12.803694       12.803694
              1      -60.845235   3.4174346e-30      -66.785018       -66.785018       11.879566       11.879566
              1      -60.387281   5.0120076e-30      -66.785018       -66.785018       12.795474       12.795474
              1      -60.791412   4.4545784e-30      -66.785018       -66.785018       11.987212       11.987212
              1      -60.433643   4.9626581e-30      -66.785018       -66.785018        12.70275        12.70275
              2      -60.165513   5.2233178e-30      -66.785018       -66.785018        13.23901        13.23901
              3      -60.933105   3.8466661e-30      -66.785018       -66.785018       11.703826       11.703826
              1      -60.920438   3.6990827e-30      -66.785018       -66.785018       11.729159       11.729159
              1      -60.903653   3.6089245e-30      -66.785018       -66.785018       11.762731       11.762731
              1      -60.605187   4.7563634e-30      -66.785018       -66.785018       12.359662       12.359662
              1      -60.667587   4.6681314e-30      -66.785018       -66.785018       12.234863       12.234863
              1      -60.476294   4.9151932e-30      -66.785018       -66.785018       12.617447       12.617447
              1      -60.890797   4.1923483e-30      -66.785018       -66.785018       11.788442       11.788442
              2      -60.704755   4.6105667e-30      -66.785018       -66.785018       12.160526       12.160526
              1      -60.897992   4.1642959e-30      -66.785018       -66.785018       11.774053       11.774053
              1      -60.918724   4.0612065e-30      -66.785018       -66.785018       11.732588       11.732588
              1       -60.91727   3.6788582e-30      -66.785018       -66.785018       11.735496       11.735496
              1      -60.832171   4.3643229e-30      -66.785018       -66.785018       11.905694       11.905694
              2       -60.61503   4.7430407e-30      -66.785018       -66.785018       12.339976       12.339976
              1      -60.932764   3.9143531e-30      -66.785018       -66.785018       11.704509       11.704509
              1      -60.762355   4.5111561e-30      -66.785018       -66.785018       12.045325       12.045325
              1       -60.60018   2.9860088e-30      -66.785018       -66.785018       12.369677       12.369677
              1       -60.93041   3.9591562e-30      -66.785018       -66.785018       11.709216       11.709216
              2      -60.924645   3.7302546e-30      -66.785018       -66.785018       11.720745       11.720745
              1      -60.888225   3.5472774e-30      -66.785018       -66.785018       11.793587       11.793587
              2      -60.386004   2.7357362e-30      -66.785018       -66.785018       12.798028       12.798028
              3      -60.680152    4.649149e-30      -66.785018       -66.785018       12.209731       12.209731
              2      -60.525661   4.8573981e-30      -66.785018       -66.785018       12.518715       12.518715
              1      -60.472594   4.9193963e-30      -66.785018       -66.785018       12.624847       12.624847
              1      -60.847353    4.326115e-30      -66.785018       -66.785018       11.875329       11.875329
              1      -60.881334   4.2258509e-30      -66.785018       -66.785018       11.807367       11.807367
              2      -60.932849    3.911719e-30      -66.785018       -66.785018       11.704338       11.704338
              2      -60.812436   3.3391461e-30      -66.785018       -66.785018       11.945164       11.945164
              2      -60.574096   4.7971812e-30      -66.785018       -66.785018       12.421844       12.421844
              3      -60.787314   4.4628882e-30      -66.785018       -66.785018       11.995409       11.995409
              1      -60.832112   3.3846076e-30      -66.785018       -66.785018       11.905812       11.905812
              1      -60.933254   3.8539726e-30      -66.785018       -66.785018       11.703528       11.703528
              1       -60.54248    4.836915e-30      -66.785018       -66.785018       12.485077       12.485077
              1      -60.545754   4.8328765e-30      -66.785018       -66.785018       12.478528       12.478528
              3      -60.740975   3.1993067e-30      -66.785018       -66.785018       12.088086       12.088086
              1      -60.441885    4.953648e-30      -66.785018       -66.785018       12.686265       12.686265
              3      -60.892394   4.1863405e-30      -66.785018       -66.785018       11.785248       11.785248
              2      -60.883236   3.5296927e-30      -66.785018       -66.785018       11.803564       11.803564
              2      -59.637437   2.1223284e-30      -66.785018       -66.785018       14.295163       14.295163
              1       -60.60567    2.993358e-30      -66.785018       -66.785018       12.358697       12.358697
              2      -60.889929   4.1955687e-30      -66.785018       -66.785018       11.790179       11.790179
              1      -60.519214    4.865137e-30      -66.785018       -66.785018       12.531608       12.531608
              1      -60.775552   3.2629625e-30      -66.785018       -66.785018       12.018933       12.018933
              1      -60.919494   3.6928176e-30      -66.785018       -66.785018       11.731048       11.731048
              2      -60.801065   3.3145531e-30      -66.785018       -66.785018       11.967906       11.967906
              2      -60.902819   3.6052323e-30      -66.785018       -66.785018       11.764398       11.764398
              2      -59.880215   2.2949519e-30      -66.785018       -66.785018       13.809606       13.809606
              1      -60.412673   2.7638216e-30      -66.785018       -66.785018        12.74469        12.74469
              1      -60.237881   2.5908811e-30      -66.785018       -66.785018       13.094273       13.094273
              1      -58.502402   1.4747144e-30      -66.785018       -66.785018       16.565232       16.565232
              1      -60.914352   3.6619268e-30      -66.785018       -66.785018       11.741332       11.741332
              1      -60.877253    4.239353e-30      -66.785018       -66.785018       11.815531       11.815531
              1      -60.869877     3.48651e-30      -66.785018       -66.785018       11.830282       11.830282
              2      -59.313879   1.9157752e-30      -66.785018       -66.785018       14.942278       14.942278
              1      -60.149614   2.5118635e-30      -66.785018       -66.785018       13.270808       13.270808
              1      -60.891801   3.5604898e-30      -66.785018       -66.785018       11.786433       11.786433
              1       -59.42734   5.7634391e-30      -66.785018       -66.785018       14.715356       14.715356
              1      -60.013965     5.35042e-30      -66.785018       -66.785018       13.542107       13.542107
              1      -60.887352    4.204938e-30      -66.785018       -66.785018       11.795331       11.795331
              1      -59.403892    1.970986e-30      -66.785018       -66.785018       14.762252       14.762252
              3       -60.23349   2.5868351e-30      -66.785018       -66.785018       13.103056       13.103056
              2      -60.427068   2.7792807e-30      -66.785018       -66.785018         12.7159         12.7159
              3      -60.810677    3.335267e-30      -66.785018       -66.785018       11.948683       11.948683
              1      -60.930254   3.9613148e-30      -66.785018       -66.785018       11.709528       11.709528
              1      -60.927456   3.9935281e-30      -66.785018       -66.785018       11.715124       11.715124
              1      -60.068288   5.3061577e-30      -66.785018       -66.785018        13.43346        13.43346
              1      -60.372057   5.0277518e-30      -66.785018       -66.785018       12.825921       12.825921
              7      -60.927423   3.7552209e-30      -66.785018       -66.785018       11.715189       11.715189
              3      -60.142914   5.2430206e-30      -66.785018       -66.785018       13.284208       13.284208
              1      -60.927957   3.9884293e-30      -66.785018       -66.785018       11.714122       11.714122
              1      -60.807813    3.329013e-30      -66.785018       -66.785018       11.954411       11.954411
              1      -60.894764    4.177201e-30      -66.785018       -66.785018       11.780507       11.780507
              1      -60.677223   4.6536152e-30      -66.785018       -66.785018        12.21559        12.21559
              1      -60.522578   2.8879659e-30      -66.785018       -66.785018       12.524881       12.524881
              1       -60.49354   2.8536978e-30      -66.785018       -66.785018       12.582955       12.582955
              1      -60.822048   3.3608513e-30      -66.785018       -66.785018        11.92594        11.92594
              1      -60.717852    3.159893e-30      -66.785018       -66.785018       12.134333       12.134333
              5      -60.858949   3.4544727e-30      -66.785018       -66.785018       11.852138       11.852138
              1      -59.649058   2.1302024e-30      -66.785018       -66.785018       14.271919       14.271919
              2      -60.287192   2.6372196e-30      -66.785018       -66.785018       12.995651       12.995651
              2      -60.082237   2.4545032e-30      -66.785018       -66.785018       13.405562       13.405562
              5       -60.10086   2.4701235e-30      -66.785018       -66.785018       13.368315       13.368315
              1      -60.923944   4.0244644e-30      -66.785018       -66.785018       11.722148       11.722148
              3      -60.879169   4.2330777e-30      -66.785018       -66.785018       11.811698       11.811698
              2      -60.931094   3.9489685e-30      -66.785018       -66.785018       11.707848       11.707848
              1      -59.754893   5.5454569e-30      -66.785018       -66.785018       14.060249       14.060249
              4      -60.657617   4.6828752e-30      -66.785018       -66.785018       12.254803       12.254803
              1      -60.363325   5.0366867e-30      -66.785018       -66.785018       12.843387       12.843387
              5      -60.933239   3.8531307e-30      -66.785018       -66.785018       11.703557       11.703557
              2      -60.529003   4.8533623e-30      -66.785018       -66.785018       12.512031       12.512031
              2      -60.843912   3.4140193e-30      -66.785018       -66.785018       11.882212       11.882212
              4      -60.138764   2.5024642e-30      -66.785018       -66.785018       13.292508       13.292508
              3      -60.850619   3.4316057e-30      -66.785018       -66.785018       11.868798       11.868798
              1       -60.03817   2.4182092e-30      -66.785018       -66.785018       13.493695       13.493695
              2      -60.304634   2.6540308e-30      -66.785018       -66.785018       12.960769       12.960769
              4      -60.899996   3.5930888e-30      -66.785018       -66.785018       11.770044       11.770044
              3      -59.876394   2.2920887e-30      -66.785018       -66.785018       13.817249       13.817249
              1      -60.920222   4.0514417e-30      -66.785018       -66.785018       11.729591       11.729591
              3      -60.856542   4.3013318e-30      -66.785018       -66.785018       11.856951       11.856951
              1       -60.88742   3.5443769e-30      -66.785018       -66.785018       11.795196       11.795196
              2      -60.463344   4.9298308e-30      -66.785018       -66.785018       12.643348       12.643348
              3      -60.490943    4.898384e-30      -66.785018       -66.785018        12.58815        12.58815
              2      -60.651573   4.6916833e-30      -66.785018       -66.785018        12.26689        12.26689
              1      -60.922408   3.7129286e-30      -66.785018       -66.785018       11.725219       11.725219
              2      -60.759538   4.5163763e-30      -66.785018       -66.785018        12.05096        12.05096
              1      -58.973716   1.7198678e-30      -66.785018       -66.785018       15.622605       15.622605
              3      -58.422053   6.3136942e-30      -66.785018       -66.785018       16.725929       16.725929
              4      -58.846717   6.0979253e-30      -66.785018       -66.785018       15.876603       15.876603
              1       -58.99108   1.7294347e-30      -66.785018       -66.785018       15.587877       15.587877
              1      -60.793851   3.2994953e-30      -66.785018       -66.785018       11.982335       11.982335
              1      -60.867319   4.2702932e-30      -66.785018       -66.785018       11.835397       11.835397
              1      -60.931218   3.9469767e-30      -66.785018       -66.785018       11.707601       11.707601
              1      -60.579763    2.959196e-30      -66.785018       -66.785018       12.410509       12.410509
              2      -60.774877   3.2616563e-30      -66.785018       -66.785018       12.020283       12.020283
              1      -60.813596   4.4073541e-30      -66.785018       -66.785018       11.942844       11.942844
              1      -60.912902   3.6539986e-30      -66.785018       -66.785018       11.744231       11.744231
              3      -60.407316    2.758123e-30      -66.785018       -66.785018       12.755405       12.755405
              3      -60.404836   4.9935774e-30      -66.785018       -66.785018       12.760364       12.760364
              1      -60.692759   4.6296246e-30      -66.785018       -66.785018       12.184517       12.184517
              1       -60.80681     3.32684e-30      -66.785018       -66.785018       11.956416       11.956416
              2      -60.042129   5.3276398e-30      -66.785018       -66.785018       13.485777       13.485777
              2      -60.711746   3.1498434e-30      -66.785018       -66.785018       12.146545       12.146545
              1      -60.785102   3.2817477e-30      -66.785018       -66.785018       11.999833       11.999833
              2      -60.916591    4.074283e-30      -66.785018       -66.785018       11.736854       11.736854
              3      -60.421979   4.9752819e-30      -66.785018       -66.785018       12.726078       12.726078
              1      -60.886266   3.5402617e-30      -66.785018       -66.785018       11.797505       11.797505
              4      -60.927433   3.9937558e-30      -66.785018       -66.785018        11.71517        11.71517
              1      -60.592835   4.7728011e-30      -66.785018       -66.785018       12.384365       12.384365
              1      -59.996947   5.3640149e-30      -66.785018       -66.785018       13.576141       13.576141
              1      -59.937988    5.410187e-30      -66.785018       -66.785018       13.694061       13.694061
              2      -60.025935   2.4082909e-30      -66.785018       -66.785018       13.518167       13.518167
              1      -59.972397   2.3656603e-30      -66.785018       -66.785018       13.625242       13.625242
              2      -59.619041   2.1099367e-30      -66.785018       -66.785018       14.331954       14.331954
              1      -59.257396   5.8671613e-30      -66.785018       -66.785018       15.055245       15.055245
              8      -58.995004   6.0174696e-30      -66.785018       -66.785018       15.580028       15.580028
              2      -60.308458   5.0913245e-30      -66.785018       -66.785018        12.95312        12.95312
              4      -59.812948   5.5037825e-30      -66.785018       -66.785018        13.94414        13.94414
              2      -60.392329   5.0067383e-30      -66.785018       -66.785018       12.785377       12.785377
              1       -60.67903   4.6508628e-30      -66.785018       -66.785018       12.211976       12.211976
              4      -60.927808   3.7591003e-30      -66.785018       -66.785018        11.71442        11.71442
              1      -60.264415   2.6156036e-30      -66.785018       -66.785018       13.041205       13.041205
              2      -59.002998   1.7360258e-30      -66.785018       -66.785018       15.564041       15.564041
              1       -60.85655   4.3013098e-30      -66.785018       -66.785018       11.856936       11.856936
              1      -56.708865   7.0380876e-30      -66.785018       -66.785018       20.152305       20.152305
              3      -58.493862   6.2785697e-30      -66.785018       -66.785018       16.582312       16.582312
              1       -60.93045   3.9585913e-30      -66.785018       -66.785018       11.709135       11.709135
              3      -60.857525   3.4504771e-30      -66.785018       -66.785018       11.854986       11.854986
              1      -60.578263   2.9572568e-30      -66.785018       -66.785018        12.41351        12.41351
              6      -60.914947   4.0838068e-30      -66.785018       -66.785018       11.740143       11.740143
              2      -60.882374   4.2223262e-30      -66.785018       -66.785018       11.805287       11.805287
              2      -58.617151   6.2170356e-30      -66.785018       -66.785018       16.335734       16.335734
              1       -60.82873   3.3764967e-30      -66.785018       -66.785018       11.912577       11.912577
              1       -60.76279   4.5103467e-30      -66.785018       -66.785018       12.044456       12.044456
              2      -60.445247   4.9499516e-30      -66.785018       -66.785018       12.679542       12.679542
              1       -60.59466   4.7703912e-30      -66.785018       -66.785018       12.380715       12.380715
              3      -60.600295   4.7629095e-30      -66.785018       -66.785018       12.369445       12.369445
              2      -60.857407   4.2989245e-30      -66.785018       -66.785018       11.855221       11.855221
              3      -60.029173   2.4109094e-30      -66.785018       -66.785018        13.51169        13.51169
              1      -60.867207   3.4784421e-30      -66.785018       -66.785018       11.835623       11.835623
              2      -60.106436    2.474834e-30      -66.785018       -66.785018       13.357164       13.357164
              1      -60.383076   2.7326947e-30      -66.785018       -66.785018       12.803883       12.803883
              2      -60.801998   4.4325429e-30      -66.785018       -66.785018       11.966041       11.966041
              1      -60.751327   4.5313546e-30      -66.785018       -66.785018       12.067382       12.067382
              3      -60.721659   4.5828402e-30      -66.785018       -66.785018       12.126718       12.126718
              1      -60.783447   3.2784497e-30      -66.785018       -66.785018       12.003143       12.003143
              3      -60.815411    4.403303e-30      -66.785018       -66.785018       11.939213       11.939213
              1      -60.892658   4.1853341e-30      -66.785018       -66.785018        11.78472        11.78472
              2      -60.083036   2.4551695e-30      -66.785018       -66.785018       13.403964       13.403964
              2      -60.933079   3.9034954e-30      -66.785018       -66.785018       11.703879       11.703879
              1      -60.597783   2.9828193e-30      -66.785018       -66.785018        12.37447        12.37447
              2      -59.006682   6.0110049e-30      -66.785018       -66.785018       15.556672       15.556672
              2       -58.57335     6.23908e-30      -66.785018       -66.785018       16.423335       16.423335
              1      -60.707705   3.1432691e-30      -66.785018       -66.785018       12.154626       12.154626
              3      -60.496408   2.8570304e-30      -66.785018       -66.785018        12.57722        12.57722
              3       -59.36746   5.8006229e-30      -66.785018       -66.785018       14.835115       14.835115
              3       -60.88223   3.5262558e-30      -66.785018       -66.785018       11.805575       11.805575
              1      -60.620789   4.7351513e-30      -66.785018       -66.785018       12.328459       12.328459
              1      -60.910701    3.642476e-30      -66.785018       -66.785018       11.748634       11.748634
              2      -60.922236   3.7116725e-30      -66.785018       -66.785018       11.725563       11.725563
              1      -60.932989   3.9069623e-30      -66.785018       -66.785018       11.704058       11.704058
              1      -59.709879   2.1720044e-30      -66.785018       -66.785018       14.150277       14.150277
              1      -60.871162   3.4904535e-30      -66.785018       -66.785018       11.827711       11.827711
              1      -60.732582   3.1847412e-30      -66.785018       -66.785018       12.104871       12.104871
              1      -58.394261   6.3271535e-30      -66.785018       -66.785018       16.781513       16.781513
              2      -59.645486   5.6212943e-30      -66.785018       -66.785018       14.279065       14.279065
              1      -60.743985   3.2046081e-30      -66.785018       -66.785018       12.082065       12.082065
              2      -59.755172   2.2038129e-30      -66.785018       -66.785018       14.059693       14.059693
              1      -60.326924   2.6758589e-30      -66.785018       -66.785018       12.916188       12.916188
              2      -59.000884   1.7348554e-30      -66.785018       -66.785018       15.568268       15.568268
              1      -59.388078   1.9611712e-30      -66.785018       -66.785018       14.793879       14.793879
              3      -60.689655   4.6344786e-30      -66.785018       -66.785018       12.190726       12.190726
              1      -60.832849   4.3626793e-30      -66.785018       -66.785018       11.904338       11.904338
              2      -60.920618   3.7003017e-30      -66.785018       -66.785018       11.728799       11.728799
              1      -59.761876    2.208573e-30      -66.785018       -66.785018       14.046284       14.046284
              3      -59.429132   1.9867574e-30      -66.785018       -66.785018       14.711772       14.711772
              1       -60.75383   4.5268265e-30      -66.785018       -66.785018       12.062377       12.062377
              1       -60.66564   4.6710317e-30      -66.785018       -66.785018       12.238756       12.238756
              5      -60.822217    4.387832e-30      -66.785018       -66.785018       11.925603       11.925603
              2      -59.816706   5.5010484e-30      -66.785018       -66.785018       13.936625       13.936625
              3      -59.117499    1.800417e-30      -66.785018       -66.785018       15.335037       15.335037
              2      -60.639007    3.039373e-30      -66.785018       -66.785018       12.292021       12.292021
              1      -59.813086     2.24539e-30      -66.785018       -66.785018       13.943865       13.943865
              1      -60.919642   3.6937847e-30      -66.785018       -66.785018       11.730753       11.730753
              3      -60.236556   2.5896582e-30      -66.785018       -66.785018       13.096925       13.096925
              1      -60.415763   2.7671218e-30      -66.785018       -66.785018        12.73851        12.73851
              1      -60.439038   4.9567686e-30      -66.785018       -66.785018       12.691959       12.691959
              3      -58.581834   6.2348261e-30      -66.785018       -66.785018       16.406367       16.406367
              1      -60.862978   4.2830813e-30      -66.785018       -66.785018       11.844081       11.844081
              3      -60.855583   4.3039868e-30      -66.785018       -66.785018       11.858871       11.858871
              1      -60.482212   2.8406369e-30      -66.785018       -66.785018       12.605612       12.605612
              1      -59.236232     1.86937e-30      -66.785018       -66.785018       15.097572       15.097572
              1      -60.724966   3.1717847e-30      -66.785018       -66.785018       12.120103       12.120103
              3      -59.800722   2.2364257e-30      -66.785018       -66.785018       13.968591       13.968591
              1      -60.813069   3.3405477e-30      -66.785018       -66.785018       11.943898       11.943898
              4      -60.706513     3.14134e-30      -66.785018       -66.785018       12.157011       12.157011
              2      -60.861994   3.4631502e-30      -66.785018       -66.785018       11.846047       11.846047
              1      -59.210598   5.8947885e-30      -66.785018       -66.785018        15.14884        15.14884
              3      -60.464729   4.9282751e-30      -66.785018       -66.785018       12.640578       12.640578
              4      -60.850252   4.3184467e-30      -66.785018       -66.785018       11.869532       11.869532
              1       -60.92814   3.9865141e-30      -66.785018       -66.785018       11.713756       11.713756
              2       -60.60363   4.7584524e-30      -66.785018       -66.785018       12.362777       12.362777
              5      -60.815144    3.345171e-30      -66.785018       -66.785018       11.939748       11.939748
              2      -59.630909   5.6311511e-30      -66.785018       -66.785018       14.308218       14.308218
              7      -60.326417   5.0737144e-30      -66.785018       -66.785018       12.917202       12.917202
              4      -60.132544   2.4971049e-30      -66.785018       -66.785018       13.304949       13.304949
              1      -59.291496   1.9022861e-30      -66.785018       -66.785018       14.987044       14.987044
              1      -60.616239   3.0076826e-30      -66.785018       -66.785018       12.337557       12.337557
              3      -58.860578   6.0905284e-30      -66.785018       -66.785018        15.84888        15.84888
              2      -60.932691   3.8326058e-30      -66.785018       -66.785018       11.704655       11.704655
              7      -60.789232   3.2900589e-30      -66.785018       -66.785018       11.991572       11.991572
              1      -60.888899   3.5497263e-30      -66.785018       -66.785018       11.792238       11.792238
              3       -60.88587   4.2102093e-30      -66.785018       -66.785018       11.798296       11.798296
              1      -60.485983   2.8449662e-30      -66.785018       -66.785018        12.59807        12.59807
              1      -60.147561   2.5100803e-30      -66.785018       -66.785018       13.274913       13.274913
              1      -60.903194   4.1421845e-30      -66.785018       -66.785018       11.763648       11.763648
              2      -60.555324   2.9280977e-30      -66.785018       -66.785018       12.459389       12.459389
              3      -60.927745   3.7584599e-30      -66.785018       -66.785018       11.714545       11.714545
              3      -60.883907   4.2170652e-30      -66.785018       -66.785018       11.802221       11.802221
              3      -60.882509   3.5272054e-30      -66.785018       -66.785018       11.805018       11.805018
              6      -60.350397   5.0497892e-30      -66.785018       -66.785018       12.869242       12.869242
              2      -60.432051   4.9643899e-30      -66.785018       -66.785018       12.705935       12.705935
              2      -60.933398    3.865517e-30      -66.785018       -66.785018       11.703239       11.703239
              3      -60.849511   3.4286527e-30      -66.785018       -66.785018       11.871014       11.871014
              3      -60.933334   3.8898229e-30      -66.785018       -66.785018       11.703368       11.703368
              1      -59.467957   5.7377944e-30      -66.785018       -66.785018       14.634121       14.634121
              1      -60.352978   5.0471851e-30      -66.785018       -66.785018        12.86408        12.86408
              4      -60.551587   2.9234328e-30      -66.785018       -66.785018       12.466862       12.466862
              2      -58.690046    6.179881e-30      -66.785018       -66.785018       16.189945       16.189945
              6      -60.898076   3.5851235e-30      -66.785018       -66.785018       11.773883       11.773883
              1      -60.799032   3.3102688e-30      -66.785018       -66.785018       11.971972       11.971972
              2      -60.153477   5.2338468e-30      -66.785018       -66.785018       13.263082       13.263082
              1      -60.339494   2.6883453e-30      -66.785018       -66.785018       12.891048       12.891048
              1      -60.909398   3.6359155e-30      -66.785018       -66.785018       11.751241       11.751241
              2      -60.637456   4.7118968e-30      -66.785018       -66.785018       12.295124       12.295124
              1      -58.598648   1.5226991e-30      -66.785018       -66.785018       16.372741       16.372741
              1      -60.004576   5.3579357e-30      -66.785018       -66.785018       13.560884       13.560884
              1      -60.407898    2.758741e-30      -66.785018       -66.785018        12.75424        12.75424
              1      -60.440799    2.794233e-30      -66.785018       -66.785018       12.688437       12.688437
              2      -59.866735   5.4641972e-30      -66.785018       -66.785018       13.836566       13.836566
              2      -60.863868   3.4685815e-30      -66.785018       -66.785018       11.842299       11.842299
              1       -60.92248   4.0356213e-30      -66.785018       -66.785018       11.725077       11.725077
              1       -60.86569   4.2751413e-30      -66.785018       -66.785018       11.838657       11.838657
              1      -58.351599   1.4014007e-30      -66.785018       -66.785018       16.866838       16.866838
              5      -60.075991   2.4493027e-30      -66.785018       -66.785018       13.418053       13.418053
              1      -60.572361   2.9496663e-30      -66.785018       -66.785018       12.425315       12.425315
              1      -60.485403   2.8442988e-30      -66.785018       -66.785018        12.59923        12.59923
              1      -60.777029   4.4832415e-30      -66.785018       -66.785018       12.015978       12.015978
              2      -60.631878   4.7197509e-30      -66.785018       -66.785018       12.306281       12.306281
              2       -60.89093   3.5572211e-30      -66.785018       -66.785018       11.788175       11.788175
              3      -60.933393   3.8648157e-30      -66.785018       -66.785018        11.70325        11.70325
              1      -60.417288   4.9803183e-30      -66.785018       -66.785018        12.73546        12.73546
              1       -60.93085   3.9527606e-30      -66.785018       -66.785018       11.708336       11.708336
              1      -60.928677    3.768388e-30      -66.785018       -66.785018       11.712683       11.712683
