#        weight    minuslogpost              A2   minuslogprior minuslogprior__0            chi2   chi2__loglike
              1       -60.93172   3.8108289e-30      -66.785018       -66.785018       11.706597       11.706597
              1      -60.509933    2.872899e-30      -66.785018       -66.785018        12.55017        12.55017
              1      -60.508843   2.8716112e-30      -66.785018       -66.785018        12.55235        12.55235
              1       -59.62849    2.116291e-30      -66.785018       -66.785018       14.313055       14.313055
              2      -59.678185   2.1500946e-30      -66.785018       -66.785018       14.213666       14.213666
              1      -59.790697   2.2291924e-30      -66.785018       -66.785018       13.988642       13.988642
              3      -60.930676   3.7937289e-30      -66.785018       -66.785018       11.708683       11.708683
              1      -60.734763   4.5605758e-30      -66.785018       -66.785018       12.100509       12.100509
              2      -59.730166   2.1861772e-30      -66.785018       -66.785018       14.109705       14.109705
              1      -60.017652   2.4016153e-30      -66.785018       -66.785018       13.534731       13.534731
              1      -60.129645   2.4946141e-30      -66.785018       -66.785018       13.310747       13.310747
              1      -60.818188   4.3970462e-30      -66.785018       -66.785018        11.93366        11.93366
              1       -60.70573   4.6089951e-30      -66.785018       -66.785018       12.158575       12.158575
              3      -60.004692   5.3578428e-30      -66.785018       -66.785018       13.560651       13.560651
              1      -59.503513   5.7150525e-30      -66.785018       -66.785018       14.563011       14.563011
              2      -60.734531   3.1880959e-30      -66.785018       -66.785018       12.100974       12.100974
              1      -60.894479   3.5707565e-30      -66.785018       -66.785018       11.781078       11.781078
              2      -59.880459   2.2951348e-30      -66.785018       -66.785018       13.809118       13.809118
              4      -60.776645   3.2650845e-30      -66.785018       -66.785018       12.016745       12.016745
              1      -60.617676    3.009648e-30      -66.785018       -66.785018       12.334684       12.334684
              1      -60.920572   3.6999902e-30      -66.785018       -66.785018       11.728891       11.728891
              3      -60.504993   2.8670739e-30      -66.785018       -66.785018       12.560051       12.560051
              1      -60.626813   4.7268195e-30      -66.785018       -66.785018        12.31641        12.31641
              3      -60.851942   3.4351597e-30      -66.785018       -66.785018       11.866151       11.866151
              1      -60.929451   3.7774188e-30      -66.785018       -66.785018       11.711133       11.711133
              1      -60.780561   3.2727419e-30      -66.785018       -66.785018       12.008915       12.008915
              1      -60.783987   4.4695487e-30      -66.785018       -66.785018       12.002063       12.002063
              1      -60.619948    4.736308e-30      -66.785018       -66.785018       12.330141       12.330141
              1      -60.645718   3.0489452e-30      -66.785018       -66.785018         12.2786         12.2786
              1      -60.932581   3.9194564e-30      -66.785018       -66.785018       11.704874       11.704874
              1      -60.734723   4.5606463e-30      -66.785018       -66.785018       12.100591       12.100591
              1      -60.868213   3.4814639e-30      -66.785018       -66.785018       11.833609       11.833609
              1      -60.195131   2.5520206e-30      -66.785018       -66.785018       13.179775       13.179775
              1      -60.755405   3.2251136e-30      -66.785018       -66.785018       12.059226       12.059226
              1      -60.804235   3.3212986e-30      -66.785018       -66.785018       11.961567       11.961567
              2      -60.853542   4.3095781e-30      -66.785018       -66.785018       11.862951       11.862951
              1      -60.710401   4.6014237e-30      -66.785018       -66.785018       12.149234       12.149234
              3      -60.686228   4.6398026e-30      -66.785018       -66.785018       12.197581       12.197581
              1      -60.609463   4.7506012e-30      -66.785018       -66.785018       12.351111       12.351111
              1      -60.692927   4.6293611e-30      -66.785018       -66.785018       12.184181       12.184181
              1      -60.582718   4.7860455e-30      -66.785018       -66.785018       12.404601       12.404601
              1      -60.888361   4.2013014e-30      -66.785018       -66.785018       11.793314       11.793314
              1      -60.836377   3.3950294e-30      -66.785018       -66.785018       11.897282       11.897282
              2      -58.183007   1.3219306e-30      -66.785018       -66.785018       17.204022       17.204022
              2      -58.306234   1.3797677e-30      -66.785018       -66.785018       16.957568       16.957568
              1      -60.927155   3.9964858e-30      -66.785018       -66.785018       11.715726       11.715726
              3      -59.387465   5.7882812e-30      -66.785018       -66.785018       14.795107       14.795107
              1      -59.561193   5.6775487e-30      -66.785018       -66.785018        14.44765        14.44765
              1      -60.839486    3.402772e-30      -66.785018       -66.785018       11.891064       11.891064
              1      -60.326637   2.6755754e-30      -66.785018       -66.785018       12.916762       12.916762
              2       -59.35117   1.9384575e-30      -66.785018       -66.785018       14.867695       14.867695
              1      -60.562444   2.9370515e-30      -66.785018       -66.785018       12.445148       12.445148
              1      -60.707238   4.6065601e-30      -66.785018       -66.785018        12.15556        12.15556
              2      -60.730255   4.5683167e-30      -66.785018       -66.785018       12.109526       12.109526
              1      -60.429237   4.9674433e-30      -66.785018       -66.785018       12.711561       12.711561
              2       -60.31987   2.6689082e-30      -66.785018       -66.785018       12.930296       12.930296
              1      -60.479146   2.8371299e-30      -66.785018       -66.785018       12.611744       12.611744
              2      -60.890339   3.5550226e-30      -66.785018       -66.785018       11.789357       11.789357
              1      -60.807087   3.3274395e-30      -66.785018       -66.785018       11.955862       11.955862
              1      -60.734066   4.5617784e-30      -66.785018       -66.785018       12.101903       12.101903
              1      -60.596449   2.9810497e-30      -66.785018       -66.785018       12.377137       12.377137
              1      -60.287108   2.6371386e-30      -66.785018       -66.785018       12.995821       12.995821
              1        -60.7916   4.4541954e-30      -66.785018       -66.785018       11.986837       11.986837
              1      -60.280968    5.117797e-30      -66.785018       -66.785018         13.0081         13.0081
              1      -60.075333   5.3003163e-30      -66.785018       -66.785018       13.419369       13.419369
              3      -60.495405   4.8932092e-30      -66.785018       -66.785018       12.579227       12.579227
              1      -59.558645   5.6792219e-30      -66.785018       -66.785018       14.452746       14.452746
              1       -59.15154    1.819949e-30      -66.785018       -66.785018       15.266956       15.266956
              1      -58.507407   1.4771862e-30      -66.785018       -66.785018       16.555221       16.555221
              7      -60.553358   2.9256414e-30      -66.785018       -66.785018       12.463319       12.463319
              2      -60.908137   4.1193344e-30      -66.785018       -66.785018       11.753762       11.753762
              1      -59.921891   5.4225528e-30      -66.785018       -66.785018       13.726253       13.726253
              1      -60.569991   4.8024364e-30      -66.785018       -66.785018       12.430054       12.430054
              3      -60.213005   2.5681273e-30      -66.785018       -66.785018       13.144027       13.144027
              4      -60.390249   2.7401603e-30      -66.785018       -66.785018       12.789537       12.789537
              3      -60.840247   4.3443848e-30      -66.785018       -66.785018       11.889541       11.889541
              2      -60.896908   4.1686931e-30      -66.785018       -66.785018       11.776221       11.776221
              1       -60.87799   4.2369498e-30      -66.785018       -66.785018       11.814055       11.814055
              1      -60.782272   3.2761202e-30      -66.785018       -66.785018       12.005492       12.005492
              3      -60.918624   4.0618371e-30      -66.785018       -66.785018       11.732788       11.732788
              3        -60.5747   2.9526666e-30      -66.785018       -66.785018       12.420637       12.420637
              1      -60.550332   2.9218712e-30      -66.785018       -66.785018       12.469372       12.469372
              1      -60.761122   3.2356258e-30      -66.785018       -66.785018       12.047792       12.047792
              2      -60.234767   2.5880102e-30      -66.785018       -66.785018       13.100503       13.100503
              1      -59.957027   2.3536419e-30      -66.785018       -66.785018       13.655983       13.655983
              4      -60.860419   3.4586381e-30      -66.785018       -66.785018       11.849199       11.849199
              2      -60.423509   2.7754382e-30      -66.785018       -66.785018       12.723018       12.723018
              1      -60.616572   3.0081373e-30      -66.785018       -66.785018       12.336892       12.336892
              2      -60.842017   3.4091717e-30      -66.785018       -66.785018       11.886001       11.886001
              1      -59.469146   2.0120341e-30      -66.785018       -66.785018       14.631743       14.631743
              2       -60.42751   2.7797582e-30      -66.785018       -66.785018       12.715017       12.715017
              1      -60.921238    4.044505e-30      -66.785018       -66.785018        11.72756        11.72756
              3      -60.925578   3.7381277e-30      -66.785018       -66.785018       11.718879       11.718879
              4      -60.855149   4.3051817e-30      -66.785018       -66.785018       11.859738       11.859738
              1      -60.902242   3.6027044e-30      -66.785018       -66.785018       11.765553       11.765553
              6      -60.906468   3.6217905e-30      -66.785018       -66.785018         11.7571         11.7571
              1      -60.909867   3.6382593e-30      -66.785018       -66.785018       11.750301       11.750301
              1      -59.001997   1.7354715e-30      -66.785018       -66.785018       15.566042       15.566042
              1      -60.905724   3.6183302e-30      -66.785018       -66.785018       11.758587       11.758587
              2      -60.880092   3.5190566e-30      -66.785018       -66.785018       11.809853       11.809853
              2      -58.604491   6.2234285e-30      -66.785018       -66.785018       16.361054       16.361054
              2       -60.24739   2.5996857e-30      -66.785018       -66.785018       13.075255       13.075255
              2      -59.976219   2.3686637e-30      -66.785018       -66.785018       13.617598       13.617598
              1      -60.433503   2.7862627e-30      -66.785018       -66.785018       12.703029       12.703029
              1      -60.467852   2.8243137e-30      -66.785018       -66.785018       12.634332       12.634332
              1      -60.672971   3.0890189e-30      -66.785018       -66.785018       12.224094       12.224094
              1      -58.391427   1.4205504e-30      -66.785018       -66.785018       16.787182       16.787182
              1      -58.546149   1.4964051e-30      -66.785018       -66.785018       16.477738       16.477738
              2      -60.011687   2.3968259e-30      -66.785018       -66.785018       13.546662       13.546662
              1      -60.003332   2.3901437e-30      -66.785018       -66.785018       13.563372       13.563372
              2      -58.624969   6.2130788e-30      -66.785018       -66.785018       16.320098       16.320098
              3      -60.919461   3.6926053e-30      -66.785018       -66.785018       11.731114       11.731114
              1      -60.715605   4.5928938e-30      -66.785018       -66.785018       12.138827       12.138827
              2      -60.807758   3.3288934e-30      -66.785018       -66.785018       11.954521       11.954521
              2      -59.609688   2.1036692e-30      -66.785018       -66.785018       14.350661       14.350661
              3      -60.191477   2.5487526e-30      -66.785018       -66.785018       13.187081       13.187081
              2      -59.954739   5.3972113e-30      -66.785018       -66.785018       13.660558       13.660558
              2      -60.060979   5.3121922e-30      -66.785018       -66.785018       13.448078       13.448078
              2      -60.750295   4.5332135e-30      -66.785018       -66.785018       12.069446       12.069446
              1      -59.942772     2.34258e-30      -66.785018       -66.785018       13.684493       13.684493
              2      -59.868644   2.2862982e-30      -66.785018       -66.785018       13.832749       13.832749
              2      -60.172975    2.532324e-30      -66.785018       -66.785018       13.224085       13.224085
              2      -60.852941   4.3112137e-30      -66.785018       -66.785018       11.864155       11.864155
              1      -59.536234   2.0552005e-30      -66.785018       -66.785018       14.497568       14.497568
              2      -60.777795   4.4817488e-30      -66.785018       -66.785018       12.014445       12.014445
              1      -60.932096   3.8182706e-30      -66.785018       -66.785018       11.705843       11.705843
              2      -60.771182   3.2545562e-30      -66.785018       -66.785018       12.027673       12.027673
              3      -60.239801   2.5926532e-30      -66.785018       -66.785018       13.090435       13.090435
              1      -59.552561   5.6832109e-30      -66.785018       -66.785018       14.464914       14.464914
              1      -60.933014    3.843038e-30      -66.785018       -66.785018       11.704008       11.704008
              6      -60.791515   4.4543682e-30      -66.785018       -66.785018       11.987006       11.987006
              1      -60.922905   4.0324649e-30      -66.785018       -66.785018       11.724227       11.724227
              3      -60.683155   3.1045286e-30      -66.785018       -66.785018       12.203726       12.203726
              1      -60.902741   4.1441821e-30      -66.785018       -66.785018       11.764554       11.764554
              6      -60.930939   3.9514051e-30      -66.785018       -66.785018       11.708159       11.708159
              1      -60.889704   4.1963961e-30      -66.785018       -66.785018       11.790628       11.790628
              8      -60.885166   3.5363881e-30      -66.785018       -66.785018       11.799704       11.799704
              1      -60.702066   3.1341917e-30      -66.785018       -66.785018       12.165903       12.165903
              1      -60.865068   4.2769753e-30      -66.785018       -66.785018         11.8399         11.8399
              2      -59.856666   5.4716818e-30      -66.785018       -66.785018       13.856703       13.856703
              3      -60.683018   3.1043175e-30      -66.785018       -66.785018       12.204001       12.204001
              4      -60.926193   3.7435778e-30      -66.785018       -66.785018       11.717649       11.717649
              2        -60.9259   3.7409518e-30      -66.785018       -66.785018       11.718236       11.718236
              1      -60.811242   3.3365114e-30      -66.785018       -66.785018       11.947551       11.947551
              4      -60.402061   2.7525621e-30      -66.785018       -66.785018       12.765913       12.765913
              2      -59.554892   2.0673891e-30      -66.785018       -66.785018       14.460251       14.460251
              3      -60.603973   2.9910796e-30      -66.785018       -66.785018       12.362091       12.362091
              2      -60.627483   3.0231849e-30      -66.785018       -66.785018        12.31507        12.31507
              4      -60.933334   3.8898134e-30      -66.785018       -66.785018       11.703368       11.703368
              3      -60.872852    4.253373e-30      -66.785018       -66.785018       11.824333       11.824333
              5      -60.698273   3.1281476e-30      -66.785018       -66.785018       12.173489       12.173489
              1      -60.826168   3.3704402e-30      -66.785018       -66.785018       11.917701       11.917701
              5      -60.667087    4.668876e-30      -66.785018       -66.785018       12.235861       12.235861
              3      -60.879162   4.2331004e-30      -66.785018       -66.785018       11.811712       11.811712
              5      -60.919053   3.6899687e-30      -66.785018       -66.785018       11.731929       11.731929
              2      -60.349144   2.6980206e-30      -66.785018       -66.785018       12.871749       12.871749
              1      -60.653737   4.6885411e-30      -66.785018       -66.785018       12.262563       12.262563
             11      -60.839758    3.403457e-30      -66.785018       -66.785018       11.890519       11.890519
              1      -60.656848    3.065071e-30      -66.785018       -66.785018       12.256341       12.256341
              4      -60.812057   4.4107635e-30      -66.785018       -66.785018       11.945921       11.945921
              2      -60.268558   2.6195069e-30      -66.785018       -66.785018       13.032921       13.032921
              2      -60.377039   2.7264486e-30      -66.785018       -66.785018       12.815959       12.815959
              1      -60.728418   3.1776267e-30      -66.785018       -66.785018         12.1132         12.1132
              3      -59.968972   5.3860989e-30      -66.785018       -66.785018       13.632093       13.632093
              5      -60.889546   3.5520935e-30      -66.785018       -66.785018       11.790945       11.790945
              1      -60.931863   3.9355163e-30      -66.785018       -66.785018        11.70631        11.70631
              5      -60.915372   3.6676903e-30      -66.785018       -66.785018       11.739291       11.739291
              1      -60.503043   4.8842884e-30      -66.785018       -66.785018        12.56395        12.56395
              2      -60.700992   4.6165971e-30      -66.785018       -66.785018       12.168051       12.168051
              3      -60.921514   3.7065012e-30      -66.785018       -66.785018       11.727008       11.727008
              2      -60.828477   4.3731769e-30      -66.785018       -66.785018       11.913083       11.913083
              1       -60.25229    5.144826e-30      -66.785018       -66.785018       13.065456       13.065456
              1      -60.018934   5.3464261e-30      -66.785018       -66.785018       13.532168       13.532168
              1      -59.407548   5.7758099e-30      -66.785018       -66.785018        14.75494        14.75494
              2       -59.95969   2.3557173e-30      -66.785018       -66.785018       13.650657       13.650657
              3       -60.18256   2.5408093e-30      -66.785018       -66.785018       13.204916       13.204916
              1      -60.697157   3.1263789e-30      -66.785018       -66.785018       12.175721       12.175721
              1       -59.92577   5.4195818e-30      -66.785018       -66.785018       13.718495       13.718495
              2      -60.659051   4.6807703e-30      -66.785018       -66.785018       12.251933       12.251933
              5      -60.429865   4.9667628e-30      -66.785018       -66.785018       12.710306       12.710306
              3       -60.73173   4.5657934e-30      -66.785018       -66.785018       12.106576       12.106576
              2      -60.824371   4.3828371e-30      -66.785018       -66.785018       11.921295       11.921295
              2      -60.440877   4.9547546e-30      -66.785018       -66.785018       12.688282       12.688282
              1      -60.434325    2.787157e-30      -66.785018       -66.785018       12.701387       12.701387
              1      -60.054774   5.3172952e-30      -66.785018       -66.785018       13.460487       13.460487
              3      -60.873531   3.4978297e-30      -66.785018       -66.785018       11.822974       11.822974
              2      -60.334991   5.0652151e-30      -66.785018       -66.785018       12.900054       12.900054
              3      -60.141575   5.2441793e-30      -66.785018       -66.785018       13.286886       13.286886
              1      -60.416629   4.9810244e-30      -66.785018       -66.785018       12.736779       12.736779
              4      -59.184309   5.9101439e-30      -66.785018       -66.785018       15.201419       15.201419
              4      -60.117744   2.4844367e-30      -66.785018       -66.785018       13.334547       13.334547
              1      -59.496122   2.0292693e-30      -66.785018       -66.785018       14.577793       14.577793
              2      -60.921986   3.7098652e-30      -66.785018       -66.785018       11.726063       11.726063
              1      -60.866515   3.4763779e-30      -66.785018       -66.785018       11.837007       11.837007
              2      -58.511271   6.2699765e-30      -66.785018       -66.785018       16.547494       16.547494
              1      -60.587619   2.9694182e-30      -66.785018       -66.785018       12.394799       12.394799
              1      -60.861007   4.2887563e-30      -66.785018       -66.785018       11.848023       11.848023
              3      -60.634217   4.7164661e-30      -66.785018       -66.785018       12.301602       12.301602
              6      -60.349963   2.6988462e-30      -66.785018       -66.785018       12.870109       12.870109
              2      -60.583625   2.9642069e-30      -66.785018       -66.785018       12.402786       12.402786
              2      -60.291549   5.1076752e-30      -66.785018       -66.785018       12.986938       12.986938
              2      -60.027211   5.3397503e-30      -66.785018       -66.785018       13.515615       13.515615
              2      -60.683246   3.1046683e-30      -66.785018       -66.785018       12.203545       12.203545
              2      -60.621818   3.0153398e-30      -66.785018       -66.785018       12.326399       12.326399
              1       -60.77756   4.4822083e-30      -66.785018       -66.785018       12.014917       12.014917
              2      -60.900811   3.5965387e-30      -66.785018       -66.785018       11.768415       11.768415
              1      -60.714031   4.5954842e-30      -66.785018       -66.785018       12.141974       12.141974
              1      -59.648584   2.1298801e-30      -66.785018       -66.785018       14.272869       14.272869
              1      -60.871483   4.2576281e-30      -66.785018       -66.785018        11.82707        11.82707
              1      -60.899898   4.1563957e-30      -66.785018       -66.785018        11.77024        11.77024
              4      -60.734718    4.560655e-30      -66.785018       -66.785018       12.100601       12.100601
              2      -60.887054   3.5430675e-30      -66.785018       -66.785018       11.795928       11.795928
              1      -60.880107   4.2299658e-30      -66.785018       -66.785018       11.809823       11.809823
              1      -60.705112   4.6099919e-30      -66.785018       -66.785018       12.159812       12.159812
              3      -60.710251   3.1474051e-30      -66.785018       -66.785018       12.149533       12.149533
              1      -60.613209   4.7455209e-30      -66.785018       -66.785018       12.343618       12.343618
              1      -60.922671   3.7148662e-30      -66.785018       -66.785018       11.724694       11.724694
              1       -60.02764   5.3394033e-30      -66.785018       -66.785018       13.514756       13.514756
              1      -59.963284    2.358523e-30      -66.785018       -66.785018       13.643468       13.643468
              2      -59.642053   2.1254517e-30      -66.785018       -66.785018        14.28593        14.28593
              1      -57.806485   1.1528122e-30      -66.785018       -66.785018       17.957066       17.957066
              4      -60.094797   5.2840536e-30      -66.785018       -66.785018       13.380442       13.380442
              1      -60.563828   2.9388024e-30      -66.785018       -66.785018       12.442379       12.442379
              3      -60.908437   3.6311964e-30      -66.785018       -66.785018       11.753161       11.753161
              5      -60.881109   3.5224635e-30      -66.785018       -66.785018       11.807818       11.807818
              6      -60.933357   3.8878913e-30      -66.785018       -66.785018       11.703321       11.703321
              1      -60.817822    4.397875e-30      -66.785018       -66.785018       11.934392       11.934392
              1      -60.928658   3.9808941e-30      -66.785018       -66.785018        11.71272        11.71272
              1      -60.251707   2.6037025e-30      -66.785018       -66.785018       13.066623       13.066623
              3      -59.345686   5.8139674e-30      -66.785018       -66.785018       14.878664       14.878664
              4      -60.932874   3.8381557e-30      -66.785018       -66.785018       11.704288       11.704288
              1      -60.886733    4.207149e-30      -66.785018       -66.785018       11.796569       11.796569
              4      -60.924311   4.0215347e-30      -66.785018       -66.785018       11.721413       11.721413
              1      -60.920438   4.0499932e-30      -66.785018       -66.785018        11.72916        11.72916
              1      -60.574305   4.7969132e-30      -66.785018       -66.785018       12.421427       12.421427
              1      -59.547937   5.6862366e-30      -66.785018       -66.785018       14.474162       14.474162
              5       -60.75209   3.2190951e-30      -66.785018       -66.785018       12.065856       12.065856
              3       -60.93324   3.8531803e-30      -66.785018       -66.785018       11.703556       11.703556
              1      -60.918786   4.0608098e-30      -66.785018       -66.785018       11.732464       11.732464
              2      -57.774271   6.6102439e-30      -66.785018       -66.785018       18.021494       18.021494
              1      -56.544707   7.0989666e-30      -66.785018       -66.785018       20.480622       20.480622
              5      -57.467762   6.7398844e-30      -66.785018       -66.785018       18.634511       18.634511
              1      -60.932955   3.8408837e-30      -66.785018       -66.785018       11.704127       11.704127
              1       -60.92612   4.0061542e-30      -66.785018       -66.785018       11.717795       11.717795
              2      -60.932648   3.9176525e-30      -66.785018       -66.785018        11.70474        11.70474
              2      -60.880015   3.5188001e-30      -66.785018       -66.785018       11.810007       11.810007
              2       -60.81345   4.4076786e-30      -66.785018       -66.785018       11.943136       11.943136
              3      -60.618306   4.7385616e-30      -66.785018       -66.785018       12.333424       12.333424
              1      -60.933096    3.902798e-30      -66.785018       -66.785018       11.703845       11.703845
              2      -60.874753   3.5016913e-30      -66.785018       -66.785018        11.82053        11.82053
              2      -60.891726   4.1888653e-30      -66.785018       -66.785018       11.786583       11.786583
              1      -60.167806   5.2213028e-30      -66.785018       -66.785018       13.234424       13.234424
              1      -60.872837   3.4956541e-30      -66.785018       -66.785018       11.824362       11.824362
              1      -60.762689   4.5105343e-30      -66.785018       -66.785018       12.044657       12.044657
              1      -60.807659   4.4203934e-30      -66.785018       -66.785018       11.954718       11.954718
              1      -60.925503   4.0115983e-30      -66.785018       -66.785018        11.71903        11.71903
              1      -60.896996    3.580733e-30      -66.785018       -66.785018       11.776045       11.776045
              1      -60.933433   3.8752594e-30      -66.785018       -66.785018       11.703171       11.703171
              1      -60.634123   3.0324733e-30      -66.785018       -66.785018       12.301791       12.301791
              1      -60.892713   4.1851267e-30      -66.785018       -66.785018       11.784611       11.784611
              2      -60.918169   3.6843768e-30      -66.785018       -66.785018       11.733699       11.733699
              1      -58.563335   1.5049804e-30      -66.785018       -66.785018       16.443367       16.443367
              1      -60.930953   3.7978865e-30      -66.785018       -66.785018       11.708131       11.708131
              2      -60.841868   3.4087919e-30      -66.785018       -66.785018         11.8863         11.8863
              1      -60.473926   2.8311868e-30      -66.785018       -66.785018       12.622184       12.622184
              2       -60.00632     2.39253e-30      -66.785018       -66.785018       13.557396       13.557396
              1      -60.865114   4.2768386e-30      -66.785018       -66.785018       11.839807       11.839807
              1      -60.109049   2.4770472e-30      -66.785018       -66.785018       13.351937       13.351937
              1      -60.878133    4.236484e-30      -66.785018       -66.785018        11.81377        11.81377
              2      -60.560773   2.9349428e-30      -66.785018       -66.785018        12.44849        12.44849
              1      -59.426304   5.7640887e-30      -66.785018       -66.785018       14.717428       14.717428
              1      -60.833183   3.3872027e-30      -66.785018       -66.785018       11.903671       11.903671
              4      -60.471064   4.9211294e-30      -66.785018       -66.785018       12.627907       12.627907
              1      -60.419749   4.9776785e-30      -66.785018       -66.785018       12.730537       12.730537
              3       -60.89447   4.1783494e-30      -66.785018       -66.785018       11.781095       11.781095
              7      -60.712093   4.5986612e-30      -66.785018       -66.785018        12.14585        12.14585
              3      -60.153763   5.2335977e-30      -66.785018       -66.785018        13.26251        13.26251
              1      -60.888422   4.2010796e-30      -66.785018       -66.785018       11.793192       11.793192
              1      -60.063527    5.310091e-30      -66.785018       -66.785018       13.442981       13.442981
              1      -60.927943   3.9885815e-30      -66.785018       -66.785018       11.714151       11.714151
              1      -60.848899     3.42703e-30      -66.785018       -66.785018       11.872238       11.872238
              3      -60.778309   4.4807456e-30      -66.785018       -66.785018       12.013418       12.013418
              2      -60.927309   3.7540877e-30      -66.785018       -66.785018       11.715419       11.715419
              1       -59.78956   2.2283737e-30      -66.785018       -66.785018       13.990917       13.990917
              3      -60.528443   2.8950331e-30      -66.785018       -66.785018        12.51315        12.51315
              1      -60.933413   3.8814093e-30      -66.785018       -66.785018        11.70321        11.70321
              4      -60.909861   4.1108444e-30      -66.785018       -66.785018       11.750314       11.750314
              3      -60.931664   3.8098069e-30      -66.785018       -66.785018       11.706708       11.706708
              2      -60.716812   4.5909002e-30      -66.785018       -66.785018       12.136412       12.136412
              2      -60.807552   4.4206248e-30      -66.785018       -66.785018       11.954932       11.954932
              3      -60.921895   4.0398608e-30      -66.785018       -66.785018       11.726245       11.726245
              2      -60.559802   4.8153532e-30      -66.785018       -66.785018       12.450432       12.450432
              3      -59.301799   1.9084839e-30      -66.785018       -66.785018       14.966437       14.966437
              2      -60.916463   3.6740349e-30      -66.785018       -66.785018       11.737109       11.737109
              1      -60.241512   5.1548367e-30      -66.785018       -66.785018       13.087012       13.087012
              5      -60.909479   3.6363185e-30      -66.785018       -66.785018       11.751079       11.751079
              1      -60.794235    3.300287e-30      -66.785018       -66.785018       11.981567       11.981567
              2      -60.851909   4.3140038e-30      -66.785018       -66.785018       11.866219       11.866219
              2      -60.803633   3.3200115e-30      -66.785018       -66.785018        11.96277        11.96277
