#        weight    minuslogpost              A2   minuslogprior minuslogprior__0            chi2   chi2__loglike
              3       -61.71665   2.1246141e-30      -66.785018       -66.785018       10.136736       10.136736
              1      -60.439577   2.8113897e-30      -66.785018       -66.785018       12.690881       12.690881
              1      -61.029856   2.5953252e-30      -66.785018       -66.785018       11.510325       11.510325
              1      -61.604671   2.2586986e-30      -66.785018       -66.785018       10.360695       10.360695
              1      -61.710809    1.798447e-30      -66.785018       -66.785018       10.148417       10.148417
              1      -60.443262   1.1225101e-30      -66.785018       -66.785018       12.683512       12.683512
              2      -60.971932   1.3130257e-30      -66.785018       -66.785018       11.626172       11.626172
              1       -59.53436   8.6978862e-31      -66.785018       -66.785018       14.501316       14.501316
              1      -61.519633   1.6039498e-30      -66.785018       -66.785018        10.53077        10.53077
              4      -60.572244   2.7679186e-30      -66.785018       -66.785018       12.425547       12.425547
              1      -59.780826   3.0005248e-30      -66.785018       -66.785018       14.008384       14.008384
              1      -59.745356   3.0097363e-30      -66.785018       -66.785018       14.079324       14.079324
              4      -60.849203   1.2641759e-30      -66.785018       -66.785018        11.87163        11.87163
              6       -61.11133   1.3733715e-30      -66.785018       -66.785018       11.347376       11.347376
              2      -61.752819   2.0407208e-30      -66.785018       -66.785018       10.064397       10.064397
              2       -61.61624   1.6849023e-30      -66.785018       -66.785018       10.337557       10.337557
              1      -61.705369    1.789923e-30      -66.785018       -66.785018       10.159298       10.159298
              1      -61.718183   2.1219789e-30      -66.785018       -66.785018        10.13367        10.13367
              2      -61.597309   1.6673083e-30      -66.785018       -66.785018       10.375417       10.375417
              2      -61.613847   1.6826179e-30      -66.785018       -66.785018       10.342343       10.342343
              1      -61.757612   2.0206157e-30      -66.785018       -66.785018       10.054812       10.054812
              5      -61.564166   2.2939509e-30      -66.785018       -66.785018       10.441704       10.441704
              2      -60.752736   2.7046784e-30      -66.785018       -66.785018       12.064564       12.064564
              3       -61.31654   1.4755271e-30      -66.785018       -66.785018       10.936955       10.936955
              3       -61.41077   2.4023405e-30      -66.785018       -66.785018       10.748496       10.748496
              3      -60.472436    2.800834e-30      -66.785018       -66.785018       12.625165       12.625165
              1       -61.02531   2.5972717e-30      -66.785018       -66.785018       11.519416       11.519416
              1      -61.762857    1.955708e-30      -66.785018       -66.785018       10.044322       10.044322
              1      -61.322797   2.4537447e-30      -66.785018       -66.785018       10.924442       10.924442
              1      -61.599602   1.6693834e-30      -66.785018       -66.785018       10.370832       10.370832
              1      -61.621493   1.6899833e-30      -66.785018       -66.785018        10.32705        10.32705
              3      -61.758954   2.0134723e-30      -66.785018       -66.785018       10.052128       10.052128
              5      -61.681396   1.7564454e-30      -66.785018       -66.785018       10.207243       10.207243
              1      -61.718471   2.1214793e-30      -66.785018       -66.785018       10.133094       10.133094
              5        -61.6346   1.7030878e-30      -66.785018       -66.785018       10.300836       10.300836
              1      -61.523778   1.6070485e-30      -66.785018       -66.785018        10.52248        10.52248
              1      -61.625119   1.6935458e-30      -66.785018       -66.785018       10.319798       10.319798
              1      -61.709354   2.1365981e-30      -66.785018       -66.785018       10.151328       10.151328
              1      -61.753803   2.0370615e-30      -66.785018       -66.785018        10.06243        10.06243
              1      -61.712325   1.8009002e-30      -66.785018       -66.785018       10.145386       10.145386
              2      -61.758813   1.9184513e-30      -66.785018       -66.785018        10.05241        10.05241
              3      -61.264958   2.4847712e-30      -66.785018       -66.785018        11.04012        11.04012
              1      -61.655345   2.2074426e-30      -66.785018       -66.785018       10.259345       10.259345
              1      -61.309408   2.4611002e-30      -66.785018       -66.785018        10.95122        10.95122
              4      -61.412646   2.4011781e-30      -66.785018       -66.785018       10.744744       10.744744
              1      -60.331027    1.087362e-30      -66.785018       -66.785018       12.907982       12.907982
              1      -61.384693   1.5145346e-30      -66.785018       -66.785018        10.80065        10.80065
              1      -61.536535   2.3159655e-30      -66.785018       -66.785018       10.496967       10.496967
              2      -61.750002   1.8823998e-30      -66.785018       -66.785018       10.070033       10.070033
              1      -61.565637   2.2927371e-30      -66.785018       -66.785018       10.438762       10.438762
              3      -61.564224   1.6388192e-30      -66.785018       -66.785018       10.441589       10.441589
              2      -61.601507   2.2616034e-30      -66.785018       -66.785018       10.367021       10.367021
              4      -61.658035   2.2044141e-30      -66.785018       -66.785018       10.253966       10.253966
              1      -61.760103   2.0063523e-30      -66.785018       -66.785018       10.049829       10.049829
              3      -61.763062   1.9680375e-30      -66.785018       -66.785018       10.043911       10.043911
              1      -61.169107   1.4002659e-30      -66.785018       -66.785018       11.231822       11.231822
              1      -61.355726   2.4351641e-30      -66.785018       -66.785018       10.858584       10.858584
              1      -61.307937   2.4619015e-30      -66.785018       -66.785018       10.954162       10.954162
              1       -61.43547   1.5459434e-30      -66.785018       -66.785018       10.699096       10.699096
              2      -61.550876   1.6280045e-30      -66.785018       -66.785018       10.468284       10.468284
              1      -61.677449   2.1812908e-30      -66.785018       -66.785018       10.215139       10.215139
              5      -61.127712    2.551851e-30      -66.785018       -66.785018       11.314612       11.314612
              2      -61.273238   2.4804447e-30      -66.785018       -66.785018       11.023561       11.023561
              1      -60.525393   2.7835345e-30      -66.785018       -66.785018        12.51925        12.51925
              2      -61.739073   1.8525815e-30      -66.785018       -66.785018        10.09189        10.09189
              5       -61.33014   1.4830596e-30      -66.785018       -66.785018       10.909755       10.909755
              2      -58.562205   6.5221295e-31      -66.785018       -66.785018       16.445626       16.445626
              1      -61.272884   1.4520926e-30      -66.785018       -66.785018       11.024267       11.024267
              2      -61.648901   2.2145497e-30      -66.785018       -66.785018       10.272235       10.272235
              2      -61.691726   2.1625534e-30      -66.785018       -66.785018       10.186584       10.186584
              1      -61.703817   2.1451568e-30      -66.785018       -66.785018       10.162402       10.162402
              1       -61.12216   1.3783188e-30      -66.785018       -66.785018       11.325717       11.325717
              3      -61.059435   1.3502151e-30      -66.785018       -66.785018       11.451165       11.451165
              6      -61.762848   1.9554743e-30      -66.785018       -66.785018        10.04434        10.04434
              1      -61.716025   2.1256767e-30      -66.785018       -66.785018       10.137987       10.137987
              2       -61.76285   1.9555201e-30      -66.785018       -66.785018       10.044337       10.044337
              1       -61.66309   1.7341083e-30      -66.785018       -66.785018       10.243855       10.243855
              5      -60.412727   1.1128041e-30      -66.785018       -66.785018       12.744583       12.744583
              3      -61.052429    1.347155e-30      -66.785018       -66.785018       11.465179       11.465179
              2      -61.581909   1.6537244e-30      -66.785018       -66.785018       10.406218       10.406218
              7      -61.741306   2.0747179e-30      -66.785018       -66.785018       10.087424       10.087424
