#        weight    minuslogpost              A2   minuslogprior minuslogprior__0            chi2   chi2__loglike
              4      -61.297895   1.4653844e-30      -66.785018       -66.785018       10.974245       10.974245
              1      -61.717781   2.1226747e-30      -66.785018       -66.785018       10.134474       10.134474
              1      -61.251872   1.4411859e-30      -66.785018       -66.785018       11.066292       11.066292
              1      -61.369222   2.4273325e-30      -66.785018       -66.785018       10.831592       10.831592
              8      -61.567287   1.6413519e-30      -66.785018       -66.785018       10.435462       10.435462
              5      -61.762112   1.9890681e-30      -66.785018       -66.785018       10.045812       10.045812
              8      -61.174848   1.4030082e-30      -66.785018       -66.785018        11.22034        11.22034
              7      -61.613608   2.2503316e-30      -66.785018       -66.785018        10.34282        10.34282
              2      -59.357448   3.1056254e-30      -66.785018       -66.785018        14.85514        14.85514
              4      -61.637012   2.2271524e-30      -66.785018       -66.785018       10.296013       10.296013
              2      -61.641636   2.2223241e-30      -66.785018       -66.785018       10.286764       10.286764
              1      -59.858289   2.9801168e-30      -66.785018       -66.785018       13.853459       13.853459
              1      -59.750542   3.0083948e-30      -66.785018       -66.785018       14.068953       14.068953
              3      -61.759011    2.013147e-30      -66.785018       -66.785018       10.052015       10.052015
              2      -61.705717   2.1422663e-30      -66.785018       -66.785018       10.158601       10.158601
              1      -61.686752   1.7634445e-30      -66.785018       -66.785018       10.196532       10.196532
              1      -61.719195   1.8125074e-30      -66.785018       -66.785018       10.131647       10.131647
              3      -61.762864    1.976832e-30      -66.785018       -66.785018       10.044307       10.044307
              2      -61.673959   2.1856275e-30      -66.785018       -66.785018       10.222119       10.222119
              1      -61.536712   2.3158286e-30      -66.785018       -66.785018       10.496612       10.496612
              1      -61.623282   2.2409873e-30      -66.785018       -66.785018       10.323471       10.323471
              2      -61.749427   1.8805738e-30      -66.785018       -66.785018       10.071182       10.071182
              3      -60.147386   1.0327014e-30      -66.785018       -66.785018       13.275263       13.275263
              2       -60.65599   2.7392198e-30      -66.785018       -66.785018       12.258056       12.258056
              3      -61.762748    1.979486e-30      -66.785018       -66.785018       10.044539       10.044539
              4      -61.759946    1.925323e-30      -66.785018       -66.785018       10.050144       10.050144
              1      -61.326155   1.4808401e-30      -66.785018       -66.785018       10.917726       10.917726
              3      -61.442302   1.5503506e-30      -66.785018       -66.785018       10.685431       10.685431
              1        -61.5142   1.5999279e-30      -66.785018       -66.785018       10.541636       10.541636
              1      -61.013517   1.3304282e-30      -66.785018       -66.785018       11.543003       11.543003
              1      -60.584737   2.7637031e-30      -66.785018       -66.785018       12.400562       12.400562
              1      -60.122215   2.9072663e-30      -66.785018       -66.785018       13.325607       13.325607
              2      -60.259822   2.8669488e-30      -66.785018       -66.785018       13.050392       13.050392
              1      -61.739308   2.0795841e-30      -66.785018       -66.785018       10.091421       10.091421
              1      -61.648707   1.7179629e-30      -66.785018       -66.785018       10.272622       10.272622
              1      -61.755834   1.9038886e-30      -66.785018       -66.785018       10.058368       10.058368
              2      -61.719513   2.1196562e-30      -66.785018       -66.785018        10.13101        10.13101
              2      -61.223823   2.5057524e-30      -66.785018       -66.785018        11.12239        11.12239
              2      -61.669612   2.1909121e-30      -66.785018       -66.785018       10.230813       10.230813
              2      -61.485889   1.5796465e-30      -66.785018       -66.785018       10.598258       10.598258
              1      -61.679817   1.7544248e-30      -66.785018       -66.785018       10.210403       10.210403
              1      -61.440167   2.3837543e-30      -66.785018       -66.785018       10.689701       10.689701
              1      -61.283991   2.4747704e-30      -66.785018       -66.785018       11.002053       11.002053
              2       -61.67382   1.7469243e-30      -66.785018       -66.785018       10.222397       10.222397
              1      -60.397337   2.8247686e-30      -66.785018       -66.785018       12.775361       12.775361
              1      -60.926453   2.6382135e-30      -66.785018       -66.785018       11.717131       11.717131
              1      -61.735031   1.8433695e-30      -66.785018       -66.785018       10.099975       10.099975
              1      -61.698249   1.7793535e-30      -66.785018       -66.785018       10.173538       10.173538
              5      -61.426169   1.5400172e-30      -66.785018       -66.785018       10.717697       10.717697
              3      -61.697859   1.7787915e-30      -66.785018       -66.785018       10.174318       10.174318
              1      -60.111031   2.9104672e-30      -66.785018       -66.785018       13.347974       13.347974
              1       -61.49896   2.3438477e-30      -66.785018       -66.785018       10.572116       10.572116
              1      -61.616728   2.2473518e-30      -66.785018       -66.785018        10.33658        10.33658
              1      -61.342723   2.4425882e-30      -66.785018       -66.785018       10.884591       10.884591
              1      -61.760198   2.0057067e-30      -66.785018       -66.785018       10.049639       10.049639
              1      -61.753968   2.0364285e-30      -66.785018       -66.785018         10.0621         10.0621
              1        -61.5965   1.6665792e-30      -66.785018       -66.785018       10.377036       10.377036
              1      -61.660382   1.7309833e-30      -66.785018       -66.785018       10.249272       10.249272
              1      -61.722345   2.1145887e-30      -66.785018       -66.785018       10.125346       10.125346
              3      -61.757946    1.913792e-30      -66.785018       -66.785018       10.054145       10.054145
              4      -61.723971   2.1115994e-30      -66.785018       -66.785018       10.122094       10.122094
              2      -60.800814   2.6868972e-30      -66.785018       -66.785018       11.968407       11.968407
              1       -61.74085   1.8568743e-30      -66.785018       -66.785018       10.088337       10.088337
              6       -61.41625   1.5337864e-30      -66.785018       -66.785018       10.737536       10.737536
              6      -61.514719   1.6003099e-30      -66.785018       -66.785018       10.540599       10.540599
              2      -61.666366   2.1947777e-30      -66.785018       -66.785018       10.237304       10.237304
              5      -61.537678   1.6176403e-30      -66.785018       -66.785018       10.494681       10.494681
              3      -61.697835   1.7787569e-30      -66.785018       -66.785018       10.174366       10.174366
              2      -60.743702   1.2247509e-30      -66.785018       -66.785018       12.082632       12.082632
              3      -60.307938   1.0803043e-30      -66.785018       -66.785018       12.954159       12.954159
              1      -59.862474   9.5372039e-31      -66.785018       -66.785018       13.845087       13.845087
              1      -60.919003   1.2915244e-30      -66.785018       -66.785018       11.732031       11.732031
              1      -61.614377   2.2495997e-30      -66.785018       -66.785018       10.341281       10.341281
              1       -61.71604   1.8070725e-30      -66.785018       -66.785018       10.137955       10.137955
              3      -61.185756   2.5244663e-30      -66.785018       -66.785018       11.198523       11.198523
              4      -60.947289   2.6297944e-30      -66.785018       -66.785018       11.675458       11.675458
              1      -61.667765    1.739603e-30      -66.785018       -66.785018       10.234506       10.234506
              1      -60.661204   2.7373975e-30      -66.785018       -66.785018       12.247627       12.247627
              1       -60.05061    2.927577e-30      -66.785018       -66.785018       13.468816       13.468816
              4      -61.166306   2.5337901e-30      -66.785018       -66.785018       11.237424       11.237424
