#        weight    minuslogpost               v              A2   minuslogprior minuslogprior__0            chi2   chi2__loglike
              2       -61.29393      0.53176655   8.1129283e-30      -65.699897       -65.699897       8.8119339       8.8119339
              2      -61.835993      0.55822297   6.7616352e-30      -65.699897       -65.699897       7.7278075       7.7278075
              1      -61.826785      0.55597706   6.8639327e-30      -65.699897       -65.699897       7.7462242       7.7462242
              1      -62.320199      0.52277892   5.0417922e-30      -65.699897       -65.699897       6.7593968       6.7593968
              1      -62.562035        0.549876   5.3305171e-30      -65.699897       -65.699897       6.2757237       6.2757237
              1      -62.564635      0.54878342   5.5868656e-30      -65.699897       -65.699897       6.2705239       6.2705239
              1      -62.579322       0.5184638   5.8922028e-30      -65.699897       -65.699897       6.2411491       6.2411491
              2       -62.51555      0.51633117   5.3627834e-30      -65.699897       -65.699897       6.3686943       6.3686943
              2      -62.471322      0.51232533   5.5509706e-30      -65.699897       -65.699897       6.4571509       6.4571509
              1      -62.516794      0.54507692   5.9946625e-30      -65.699897       -65.699897       6.3662069       6.3662069
              1      -62.499309      0.54547893    6.017644e-30      -65.699897       -65.699897       6.4011763       6.4011763
              2      -62.402307       0.5353101   6.4623447e-30      -65.699897       -65.699897       6.5951807       6.5951807
              1      -62.546967      0.50359182   6.6223888e-30      -65.699897       -65.699897       6.3058603       6.3058603
              1      -62.575878      0.48489754   6.2877628e-30      -65.699897       -65.699897       6.2480386       6.2480386
              1      -62.186941      0.49322793   5.1242957e-30      -65.699897       -65.699897       7.0259127       7.0259127
              1      -62.554065      0.52099919   6.2757359e-30      -65.699897       -65.699897       6.2916635       6.2916635
              3      -62.518035      0.51950798   6.3656509e-30      -65.699897       -65.699897       6.3637247       6.3637247
              1      -62.375324      0.48569381   7.2840987e-30      -65.699897       -65.699897       6.6491456       6.6491456
              1      -62.469928      0.47235238   6.0561316e-30      -65.699897       -65.699897       6.4599371       6.4599371
              1      -62.323461       0.4720404   5.6501907e-30      -65.699897       -65.699897       6.7528721       6.7528721
              2      -62.451141      0.50151534     5.59356e-30      -65.699897       -65.699897       6.4975121       6.4975121
              1      -62.110826      0.53213935    4.579395e-30      -65.699897       -65.699897       7.1781419       7.1781419
              1      -62.249775      0.56356472    6.419811e-30      -65.699897       -65.699897       6.9002439       6.9002439
              1      -62.123364      0.56020567   6.5632018e-30      -65.699897       -65.699897       7.1530653       7.1530653
              3      -62.539736      0.56353085   5.6863828e-30      -65.699897       -65.699897       6.3203226       6.3203226
              1      -62.222712      0.54809633   6.4617651e-30      -65.699897       -65.699897       6.9543697       6.9543697
              1       -62.54104      0.55885931   4.9889802e-30      -65.699897       -65.699897       6.3177146       6.3177146
              1      -62.566363      0.56865937   5.1680251e-30      -65.699897       -65.699897       6.2670677       6.2670677
              1      -62.563773      0.56991763   5.2251398e-30      -65.699897       -65.699897        6.272249        6.272249
              2       -61.81593      0.52975712   7.4370271e-30      -65.699897       -65.699897       7.7679332       7.7679332
              1      -60.199633      0.51906233   8.8537201e-30      -65.699897       -65.699897       11.000529       11.000529
              1       -60.78674      0.51021571   8.7928812e-30      -65.699897       -65.699897       9.8263138       9.8263138
              1      -62.083491      0.51358392   7.5684501e-30      -65.699897       -65.699897       7.2328121       7.2328121
              1      -62.574325      0.51074004   6.1420866e-30      -65.699897       -65.699897       6.2511432       6.2511432
              1      -62.379742      0.56798786   5.8567356e-30      -65.699897       -65.699897         6.64031         6.64031
              1      -60.648939      0.55628226   7.7581178e-30      -65.699897       -65.699897       10.101917       10.101917
              1      -61.691523      0.54250781   7.5461167e-30      -65.699897       -65.699897        8.016749        8.016749
              2      -61.132042      0.54781106   7.5479602e-30      -65.699897       -65.699897       9.1357095       9.1357095
              1      -62.381385      0.52546691   6.6556217e-30      -65.699897       -65.699897       6.6370241       6.6370241
              1      -62.563031      0.54455981   5.4604068e-30      -65.699897       -65.699897       6.2737324       6.2737324
              4      -62.435217      0.52162912   6.7786047e-30      -65.699897       -65.699897       6.5293597       6.5293597
              1      -61.920516      0.52404255   7.5541503e-30      -65.699897       -65.699897       7.5587614       7.5587614
              1      -61.710937      0.51764461   7.6039248e-30      -65.699897       -65.699897       7.9779192       7.9779192
              1      -62.487357      0.51338828   6.7505694e-30      -65.699897       -65.699897       6.4250806       6.4250806
              1      -62.284595      0.57562295   5.9745421e-30      -65.699897       -65.699897       6.8306038       6.8306038
              1       -62.33773      0.57512842   5.9363804e-30      -65.699897       -65.699897       6.7243346       6.7243346
              1      -62.526429      0.60456914   4.9825911e-30      -65.699897       -65.699897       6.3469365       6.3469365
              1      -62.458033      0.60582956   5.1066231e-30      -65.699897       -65.699897       6.4837282       6.4837282
              1      -62.466543      0.59423705   5.4011326e-30      -65.699897       -65.699897       6.4667084       6.4667084
              1      -62.556483      0.58482711   4.9465077e-30      -65.699897       -65.699897       6.2868288       6.2868288
              1      -62.480207      0.59481063   4.4299044e-30      -65.699897       -65.699897       6.4393804       6.4393804
              2      -62.494182      0.59661488   4.3409311e-30      -65.699897       -65.699897       6.4114301       6.4114301
              1      -62.545761      0.61047606   4.6539902e-30      -65.699897       -65.699897       6.3082712       6.3082712
              1      -62.384381      0.60269806   5.5149476e-30      -65.699897       -65.699897       6.6310317       6.6310317
              3      -62.040122      0.61382123   5.7576444e-30      -65.699897       -65.699897       7.3195491       7.3195491
              1      -61.754121      0.60803227   5.9115022e-30      -65.699897       -65.699897       7.8915527       7.8915527
              1      -62.116788      0.59880474   5.7572653e-30      -65.699897       -65.699897        7.166219        7.166219
              1      -62.442254      0.60972288    4.124265e-30      -65.699897       -65.699897       6.5152867       6.5152867
              2      -62.532665      0.62790228   4.1733137e-30      -65.699897       -65.699897       6.3344643       6.3344643
              2      -62.449792      0.61140685   4.2268275e-30      -65.699897       -65.699897       6.5002092       6.5002092
              1       -62.54871      0.58299594   5.0109125e-30      -65.699897       -65.699897        6.302374        6.302374
              1      -62.523254      0.58051513   4.7861852e-30      -65.699897       -65.699897       6.3532858       6.3532858
              1      -61.940128      0.56859907   3.7840565e-30      -65.699897       -65.699897        7.519538        7.519538
              1      -61.276944      0.59669569   2.9488315e-30      -65.699897       -65.699897       8.8459069       8.8459069
              1      -60.864588      0.63684411   2.3687284e-30      -65.699897       -65.699897       9.6706187       9.6706187
              1       -62.15335      0.64279198   3.3978451e-30      -65.699897       -65.699897       7.0930948       7.0930948
              1       -61.59353      0.64457473    2.824063e-30      -65.699897       -65.699897       8.2127344       8.2127344
              1      -62.289545      0.67614479   3.0692848e-30      -65.699897       -65.699897       6.8207047       6.8207047
              1      -62.532237      0.63063879   4.4546206e-30      -65.699897       -65.699897       6.3353198       6.3353198
              1      -62.397827      0.62418749   3.9248344e-30      -65.699897       -65.699897       6.6041401       6.6041401
              1      -62.267153      0.61768984   3.6440111e-30      -65.699897       -65.699897       6.8654874       6.8654874
              2      -61.259346       0.6332213   2.7455991e-30      -65.699897       -65.699897       8.8811016       8.8811016
              3      -61.473099      0.62992774   2.8543513e-30      -65.699897       -65.699897       8.4535959       8.4535959
              3       -61.32516      0.61290295   2.9786847e-30      -65.699897       -65.699897       8.7494744       8.7494744
              1      -61.595158      0.61737714   2.9880806e-30      -65.699897       -65.699897       8.2094771       8.2094771
              1      -62.185316       0.6061645   3.6876564e-30      -65.699897       -65.699897       7.0291622       7.0291622
              1      -61.827358      0.59820855   3.3688662e-30      -65.699897       -65.699897       7.7450773       7.7450773
              1      -62.116342      0.61140926   3.6833281e-30      -65.699897       -65.699897       7.1671097       7.1671097
              1      -62.444342      0.59617511    5.282104e-30      -65.699897       -65.699897       6.5111102       6.5111102
              2      -62.501838      0.61501446   4.8750017e-30      -65.699897       -65.699897       6.3961171       6.3961171
              1      -62.130089       0.6234282   3.5710278e-30      -65.699897       -65.699897       7.1396162       7.1396162
              2      -62.216682      0.67415826   3.0864973e-30      -65.699897       -65.699897       6.9664302       6.9664302
              1      -62.351754      0.64726128   3.4476744e-30      -65.699897       -65.699897       6.6962853       6.6962853
              2      -62.129867      0.78069614   2.6631277e-30      -65.699897       -65.699897       7.1400609       7.1400609
              3      -62.125008      0.73234379   2.4075312e-30      -65.699897       -65.699897       7.1497788       7.1497788
              1      -61.524443      0.75666039   1.7235217e-30      -65.699897       -65.699897       8.3509075       8.3509075
              1      -62.106393      0.66478787   3.0398393e-30      -65.699897       -65.699897       7.1870082       7.1870082
              1      -61.961433      0.66524388   2.8799722e-30      -65.699897       -65.699897       7.4769279       7.4769279
              1      -62.151758      0.64915454   4.8404984e-30      -65.699897       -65.699897       7.0962776       7.0962776
              1      -62.520821      0.54181338   6.1631878e-30      -65.699897       -65.699897       6.3581514       6.3581514
              3      -62.220792      0.74810804   2.2330086e-30      -65.699897       -65.699897       6.9582101       6.9582101
              3      -62.234185       0.7719064   2.1004095e-30      -65.699897       -65.699897       6.9314238       6.9314238
              4      -62.535479      0.51394413    5.715359e-30      -65.699897       -65.699897       6.3288362       6.3288362
              7      -62.564269      0.56478501   5.2548467e-30      -65.699897       -65.699897       6.2712556       6.2712556
              2      -62.496686      0.32904909   7.4344326e-30      -65.699897       -65.699897       6.4064215       6.4064215
              1      -62.092611      0.40471319   5.7703787e-30      -65.699897       -65.699897       7.2145718       7.2145718
              2      -62.227178      0.39776455   5.8638518e-30      -65.699897       -65.699897       6.9454372       6.9454372
              1      -62.010824      0.40067426   5.7218115e-30      -65.699897       -65.699897       7.3781465       7.3781465
              2       -62.36134      0.49856295   5.1420108e-30      -65.699897       -65.699897       6.6771133       6.6771133
              3      -62.514917      0.57724517   4.6179581e-30      -65.699897       -65.699897       6.3699606       6.3699606
              1      -61.955449       0.4917761   8.1702872e-30      -65.699897       -65.699897       7.4888967       7.4888967
              1      -62.461843      0.36866937   8.5823883e-30      -65.699897       -65.699897       6.4761081       6.4761081
              2      -62.163755      0.43872804   8.3704285e-30      -65.699897       -65.699897       7.0722839       7.0722839
              1      -62.435543       0.5100939   5.3178189e-30      -65.699897       -65.699897       6.5287073       6.5287073
              1      -62.558858      0.54746471   5.1731151e-30      -65.699897       -65.699897       6.2820783       6.2820783
              4      -62.385642      0.66163534   4.4508279e-30      -65.699897       -65.699897       6.6285103       6.6285103
              2      -61.761236       0.4856778   4.4235645e-30      -65.699897       -65.699897       7.8773224       7.8773224
              1      -62.371007      0.47397891   5.6690405e-30      -65.699897       -65.699897       6.6577797       6.6577797
              8      -62.490412       0.1172762   9.8874559e-30      -65.699897       -65.699897       6.4189696       6.4189696
              5      -62.340913      0.12339467   9.5402239e-30      -65.699897       -65.699897       6.7179676       6.7179676
              1      -62.508884     0.099834926   9.4222835e-30      -65.699897       -65.699897       6.3820268       6.3820268
              1      -61.441384      0.20484045   6.1962016e-30      -65.699897       -65.699897       8.5170263       8.5170263
              3      -61.580951      0.19788137   6.0478818e-30      -65.699897       -65.699897       8.2378922       8.2378922
              1      -61.612626      0.20824067   6.0917519e-30      -65.699897       -65.699897       8.1745411       8.1745411
              2      -61.084722      0.20031042   5.7706012e-30      -65.699897       -65.699897       9.2303504       9.2303504
              2      -62.064491     0.079944584   8.0468665e-30      -65.699897       -65.699897       7.2708118       7.2708118
              1      -62.397175       0.1099581   8.8732034e-30      -65.699897       -65.699897       6.6054441       6.6054441
              2      -62.281606     0.056838198     1.00729e-29      -65.699897       -65.699897       6.8365822       6.8365822
              6      -62.534558     0.064962528   9.7122618e-30      -65.699897       -65.699897       6.3306771       6.3306771
              3      -62.497715     0.038641007   9.4202052e-30      -65.699897       -65.699897       6.4043635       6.4043635
              3      -62.529608     0.028914974   8.0734857e-30      -65.699897       -65.699897       6.3405774       6.3405774
              2      -62.540511      0.28955246   8.2674726e-30      -65.699897       -65.699897       6.3187725       6.3187725
              1      -62.176054      0.19543772   1.1214306e-29      -65.699897       -65.699897       7.0476855       7.0476855
              1      -62.406473       0.1325593   1.1789648e-29      -65.699897       -65.699897       6.5868478       6.5868478
              1      -62.548351      0.16803485   9.4294086e-30      -65.699897       -65.699897       6.3030911       6.3030911
              4      -62.099881     0.068889924   7.3029921e-30      -65.699897       -65.699897       7.2000328       7.2000328
              3      -62.528693     0.096413586   9.6439405e-30      -65.699897       -65.699897       6.3424078       6.3424078
              1      -62.096159      0.40341545     5.92831e-30      -65.699897       -65.699897       7.2074753       7.2074753
              2      -62.520376       0.5561584   5.7177838e-30      -65.699897       -65.699897       6.3590427       6.3590427
              3      -62.462385      0.49359793   7.1400467e-30      -65.699897       -65.699897       6.4750245       6.4750245
              2      -62.560987      0.45809201   6.9549677e-30      -65.699897       -65.699897       6.2778198       6.2778198
              1      -62.374449      0.44004101   5.9661743e-30      -65.699897       -65.699897       6.6508955       6.6508955
              3      -62.351719      0.53377597   4.9309555e-30      -65.699897       -65.699897       6.6963554       6.6963554
              2      -62.400739      0.61967804   3.9164609e-30      -65.699897       -65.699897        6.598317        6.598317
              3      -62.297452      0.62219226    3.824958e-30      -65.699897       -65.699897       6.8048893       6.8048893
              1      -62.175006      0.54115689    4.534246e-30      -65.699897       -65.699897       7.0497825       7.0497825
              1      -62.084818      0.54446146    4.324728e-30      -65.699897       -65.699897       7.2301577       7.2301577
              1       -62.46102      0.55770941   4.6772418e-30      -65.699897       -65.699897       6.4777545       6.4777545
              1      -62.378852       0.3875008   8.5488322e-30      -65.699897       -65.699897       6.6420893       6.6420893
              1      -61.548392      0.29433223   1.1780949e-29      -65.699897       -65.699897       8.3030091       8.3030091
              1      -62.393277      0.10408598   1.1616098e-29      -65.699897       -65.699897       6.6132404       6.6132404
              1      -61.065605      0.23160725   5.7916092e-30      -65.699897       -65.699897       9.2685842       9.2685842
              1      -61.490525      0.28707242   5.5165893e-30      -65.699897       -65.699897        8.418745        8.418745
              4      -59.855766      0.15170266   4.8346461e-30      -65.699897       -65.699897       11.688262       11.688262
              6      -62.503459     0.047272621   7.8396009e-30      -65.699897       -65.699897       6.3928755       6.3928755
              1      -61.806182      0.11825875    6.575413e-30      -65.699897       -65.699897       7.7874296       7.7874296
              1      -62.287877      0.12825455   7.6527691e-30      -65.699897       -65.699897         6.82404         6.82404
              2       -60.92724      0.11157694   6.4255055e-30      -65.699897       -65.699897       9.5453145       9.5453145
              1      -61.623336      0.30582895   5.6967211e-30      -65.699897       -65.699897       8.1531226       8.1531226
              2       -62.55108      0.22658874   9.0633526e-30      -65.699897       -65.699897       6.2976334       6.2976334
              1      -62.553622      0.22697016   9.0161318e-30      -65.699897       -65.699897       6.2925508       6.2925508
              1      -61.425247      0.27850654   5.5206911e-30      -65.699897       -65.699897       8.5493006       8.5493006
              1      -61.093128      0.28339865   5.4751922e-30      -65.699897       -65.699897       9.2135389       9.2135389
              3      -61.835542      0.24632485   6.3223245e-30      -65.699897       -65.699897       7.7287096       7.7287096
              1      -61.135019      0.25601271   5.3104831e-30      -65.699897       -65.699897       9.1297554       9.1297554
              2      -59.773068      0.18413838   4.4421514e-30      -65.699897       -65.699897       11.853658       11.853658
              1      -60.300702      0.23847975   4.4304156e-30      -65.699897       -65.699897       10.798391       10.798391
              1      -61.136434      0.19143953   6.1280426e-30      -65.699897       -65.699897       9.1269259       9.1269259
              5      -60.283147      0.11510668   4.9552441e-30      -65.699897       -65.699897       10.833501       10.833501
              2      -61.127946      0.14652761    5.569643e-30      -65.699897       -65.699897        9.143902        9.143902
              2      -61.645269      0.17514286    6.577766e-30      -65.699897       -65.699897       8.1092563       8.1092563
              1      -62.021347      0.33063425   6.3940596e-30      -65.699897       -65.699897       7.3571006       7.3571006
              1      -62.504833      0.15845798   8.5721803e-30      -65.699897       -65.699897       6.3901272       6.3901272
              2      -62.356232      0.10899352   8.1973826e-30      -65.699897       -65.699897       6.6873294       6.6873294
              3      -62.124847      0.10226346   1.3279406e-29      -65.699897       -65.699897       7.1501001       7.1501001
              9      -62.193168     0.097401398   1.0707426e-29      -65.699897       -65.699897       7.0134581       7.0134581
              4      -62.252017      0.28149516   7.5210494e-30      -65.699897       -65.699897       6.8957601       6.8957601
              2      -61.912538      0.80088502   1.5787001e-30      -65.699897       -65.699897        7.574719        7.574719
              5      -62.409785      0.38949401   8.6075371e-30      -65.699897       -65.699897       6.5802243       6.5802243
              4      -62.030651      0.36176961   1.0213922e-29      -65.699897       -65.699897       7.3384924       7.3384924
              4      -62.425573     0.090338423   1.1435024e-29      -65.699897       -65.699897       6.5486473       6.5486473
              1      -62.240603     0.097096172   7.4042105e-30      -65.699897       -65.699897       6.9185883       6.9185883
              8      -62.404848      0.72375042   3.3056545e-30      -65.699897       -65.699897       6.5900977       6.5900977
              1      -62.267306      0.50519827   4.9771428e-30      -65.699897       -65.699897       6.8651822       6.8651822
              4      -61.737166     0.087906642   1.1621029e-29      -65.699897       -65.699897       7.9254618       7.9254618
             12      -62.496115      0.22760544   8.0953297e-30      -65.699897       -65.699897       6.4075638       6.4075638
              1      -62.169498      0.26748314     6.77422e-30      -65.699897       -65.699897       7.0607985       7.0607985
             14      -62.567859      0.47770059   6.0453601e-30      -65.699897       -65.699897       6.2640769       6.2640769
              5      -62.548437      0.44682672   6.2999245e-30      -65.699897       -65.699897       6.3029192       6.3029192
              6      -62.540758      0.37681851   7.0551655e-30      -65.699897       -65.699897       6.3182784       6.3182784
              6      -60.543941     0.022307733   1.0967631e-29      -65.699897       -65.699897       10.311911       10.311911
              1      -62.182964       0.1890456    1.112068e-29      -65.699897       -65.699897       7.0338659       7.0338659
              1      -62.302924      0.13328068   1.2117543e-29      -65.699897       -65.699897       6.7939466       6.7939466
              3      -62.537089      0.31386902   9.0365246e-30      -65.699897       -65.699897       6.3256166       6.3256166
              7      -62.453777      0.32944531   9.1615745e-30      -65.699897       -65.699897         6.49224         6.49224
              1      -62.465672      0.30303751   9.7490882e-30      -65.699897       -65.699897       6.4684503       6.4684503
              6      -62.505902      0.25425191   9.8084896e-30      -65.699897       -65.699897       6.3879901       6.3879901
              2      -62.447979      0.18037608   8.9610343e-30      -65.699897       -65.699897       6.5038361       6.5038361
             10      -62.242619      0.06930129   1.1252571e-29      -65.699897       -65.699897       6.9145563       6.9145563
              1      -62.226623      0.40089354   9.1288922e-30      -65.699897       -65.699897       6.9465474       6.9465474
              3        -62.5375      0.59088485    5.192369e-30      -65.699897       -65.699897       6.3247937       6.3247937
              4      -62.383645      0.55935645   4.5556951e-30      -65.699897       -65.699897       6.6325036       6.6325036
              1      -62.544961      0.50471388   5.7985879e-30      -65.699897       -65.699897       6.3098715       6.3098715
              6      -61.964878      0.48972418   7.9664141e-30      -65.699897       -65.699897       7.4700384       7.4700384
              8      -60.710859      0.55463068   2.9905777e-30      -65.699897       -65.699897       9.9780753       9.9780753
              8      -61.095925      0.32498949   1.1755505e-29      -65.699897       -65.699897       9.2079441       9.2079441
              4      -62.394592      0.58707687   4.1948306e-30      -65.699897       -65.699897       6.6106091       6.6106091
              1      -61.128001      0.60357597   6.7335472e-30      -65.699897       -65.699897        9.143791        9.143791
              4      -62.456539     0.089026635   1.0445804e-29      -65.699897       -65.699897       6.4867168       6.4867168
              2      -61.739324     0.043755541   8.7410901e-30      -65.699897       -65.699897       7.9211469       7.9211469
              3      -62.063558      0.16927457   7.2718583e-30      -65.699897       -65.699897       7.2726773       7.2726773
              1      -62.124417      0.49175862   5.0385111e-30      -65.699897       -65.699897       7.1509601       7.1509601
              5      -62.210396      0.49834406   7.3212871e-30      -65.699897       -65.699897       6.9790027       6.9790027
              1      -62.459481      0.20627842   9.9578139e-30      -65.699897       -65.699897       6.4808313       6.4808313
              5       -61.85246     0.087560031   6.4393864e-30      -65.699897       -65.699897       7.6948743       7.6948743
              6      -62.360676      0.33132777   7.3122122e-30      -65.699897       -65.699897       6.6784417       6.6784417
             10       -62.56799      0.44132752   7.3099196e-30      -65.699897       -65.699897        6.263815        6.263815
              2        -62.5011      0.19772992   8.2849619e-30      -65.699897       -65.699897       6.3975942       6.3975942
              1      -62.334399      0.27359878   7.8272469e-30      -65.699897       -65.699897       6.7309953       6.7309953
              1      -62.560526      0.26857538   8.5167037e-30      -65.699897       -65.699897       6.2787428       6.2787428
             13      -62.019744     0.089780849   7.6138302e-30      -65.699897       -65.699897       7.3603055       7.3603055
              2      -61.726739       0.1630255   7.3943206e-30      -65.699897       -65.699897       7.9463161       7.9463161
              2      -60.977931      0.38189884   4.6455022e-30      -65.699897       -65.699897       9.4439328       9.4439328
              6       -61.35987      0.34852855   5.0083032e-30      -65.699897       -65.699897       8.6800547       8.6800547
              1      -62.077526       0.6985114   2.6046219e-30      -65.699897       -65.699897       7.2447429       7.2447429
              6      -61.872403      0.45889084   4.7816737e-30      -65.699897       -65.699897       7.6549883       7.6549883
              2       -62.41519      0.22751182   7.7175097e-30      -65.699897       -65.699897       6.5694139       6.5694139
              2      -62.545688      0.31510151   8.8232906e-30      -65.699897       -65.699897        6.308418        6.308418
              1      -62.077601      0.29983613   6.6302455e-30      -65.699897       -65.699897       7.2445912       7.2445912
              3      -62.154628      0.34576118    6.297263e-30      -65.699897       -65.699897       7.0905383       7.0905383
              1      -62.440046      0.22168708   1.0640402e-29      -65.699897       -65.699897       6.5197011       6.5197011
             11      -62.345177      0.18539265   1.0773974e-29      -65.699897       -65.699897        6.709441        6.709441
              2       -62.29043     0.094128897   1.2321787e-29      -65.699897       -65.699897       6.8189332       6.8189332
              3      -62.341837      0.13121109   1.1985616e-29      -65.699897       -65.699897       6.7161197       6.7161197
              9       -62.56472      0.47450264   6.8654541e-30      -65.699897       -65.699897       6.2703549       6.2703549
              1      -59.386154     0.074799449   4.2465794e-30      -65.699897       -65.699897       12.627486       12.627486
              1      -57.556769      0.20356857   2.5580902e-30      -65.699897       -65.699897       16.286256       16.286256
              3      -61.295582      0.89753723   6.0775671e-31      -65.699897       -65.699897       8.8086301       8.8086301
              3       -61.47145      0.90689131    5.813573e-31      -65.699897       -65.699897       8.4568944       8.4568944
             12      -62.336355      0.17157107   1.1625845e-29      -65.699897       -65.699897       6.7270841       6.7270841
              8      -62.085544     0.069877044   1.2394714e-29      -65.699897       -65.699897       7.2287053       7.2287053
              5      -62.416887      0.07107699     1.21723e-29      -65.699897       -65.699897       6.5660199       6.5660199
              3      -62.366551       0.4947953   7.2604523e-30      -65.699897       -65.699897       6.6666925       6.6666925
              4      -62.284684      0.81674091   1.6927898e-30      -65.699897       -65.699897       6.8304257       6.8304257
              4      -62.262554      0.63331182   5.1529888e-30      -65.699897       -65.699897       6.8746851       6.8746851
              6      -61.760822      0.41281414   5.3265715e-30      -65.699897       -65.699897       7.8781508       7.8781508
              2      -62.546054      0.60390482   4.7256601e-30      -65.699897       -65.699897       6.3076853       6.3076853
              4      -62.333174      0.59162376   5.7902185e-30      -65.699897       -65.699897        6.733446        6.733446
              4      -62.292105      0.56642621   6.0624576e-30      -65.699897       -65.699897       6.8155845       6.8155845
              5      -62.437654      0.54571547   6.1706685e-30      -65.699897       -65.699897       6.5244859       6.5244859
              1      -62.442027       0.6518946   4.5115715e-30      -65.699897       -65.699897       6.5157408       6.5157408
              1      -62.595628     0.056651056   8.7313969e-30      -65.699897       -65.699897       6.2085374       6.2085374
              3      -62.144026     0.075636837   7.5457004e-30      -65.699897       -65.699897       7.1117411       7.1117411
              4      -62.275476     0.066037845   7.4318041e-30      -65.699897       -65.699897        6.848843        6.848843
             17      -62.261078     0.026043428   6.9611504e-30      -65.699897       -65.699897       6.8776388       6.8776388
              1      -61.707895      0.07572898   6.5890121e-30      -65.699897       -65.699897       7.9840034       7.9840034
              3      -61.288195      0.50481732   3.8338753e-30      -65.699897       -65.699897       8.8234045       8.8234045
              7      -61.585811       0.5039047   4.1905143e-30      -65.699897       -65.699897       8.2281729       8.2281729
              5      -61.757396      0.30438102   6.1367288e-30      -65.699897       -65.699897       7.8850026       7.8850026
              3      -61.988789      0.32082563    6.448592e-30      -65.699897       -65.699897       7.4222168       7.4222168
              1      -62.554429      0.49302272    6.753711e-30      -65.699897       -65.699897       6.2909354       6.2909354
              5      -62.270327      0.35970748   9.4052167e-30      -65.699897       -65.699897       6.8591403       6.8591403
              4      -61.774777     0.013686217   1.0772471e-29      -65.699897       -65.699897        7.850241        7.850241
              3      -61.624668     0.032689483   1.1128462e-29      -65.699897       -65.699897       8.1504588       8.1504588
              2      -62.334825     0.039389473    1.113935e-29      -65.699897       -65.699897       6.7301445       6.7301445
              7      -62.243757      0.20601171   7.4555153e-30      -65.699897       -65.699897       6.9122799       6.9122799
             11      -61.974375      0.11224736   8.5687306e-30      -65.699897       -65.699897       7.4510438       7.4510438
              7      -62.469143     0.085063243   9.2339526e-30      -65.699897       -65.699897       6.4615081       6.4615081
              1      -62.555858      0.32819207     8.44509e-30      -65.699897       -65.699897       6.2880776       6.2880776
              3       -59.28401     0.095943716   1.5104383e-29      -65.699897       -65.699897       12.831774       12.831774
              3      -62.443423      0.21470936    1.041281e-29      -65.699897       -65.699897       6.5129471       6.5129471
              1      -62.299768        0.114883   1.1593847e-29      -65.699897       -65.699897       6.8002582       6.8002582
              5      -62.416076      0.20101333   8.8338549e-30      -65.699897       -65.699897       6.5676422       6.5676422
              1      -62.257798      0.22005271   7.7367603e-30      -65.699897       -65.699897       6.8841984       6.8841984
              3      -60.575575      0.14204467   5.7802939e-30      -65.699897       -65.699897       10.248643       10.248643
              3      -60.708544      0.24439265   5.1225958e-30      -65.699897       -65.699897       9.9827057       9.9827057
              5      -61.760784     0.082463932   8.5053911e-30      -65.699897       -65.699897       7.8782252       7.8782252
              2       -62.23091      0.16960565   1.1258005e-29      -65.699897       -65.699897       6.9379735       6.9379735
             10      -62.495958      0.29356316   9.6209014e-30      -65.699897       -65.699897       6.4078775       6.4078775
              1      -62.252412      0.32569511   9.7816346e-30      -65.699897       -65.699897       6.8949705       6.8949705
              5      -62.259183      0.26829648   7.0306465e-30      -65.699897       -65.699897       6.8814281       6.8814281
              6      -62.098169      0.25832243   6.7218286e-30      -65.699897       -65.699897        7.203456        7.203456
              5      -62.400432      0.31794548   7.0289454e-30      -65.699897       -65.699897       6.5989298       6.5989298
              1      -61.256055      0.38998481   4.7292655e-30      -65.699897       -65.699897        8.887685        8.887685
              1      -62.130808      0.58476447   3.9280481e-30      -65.699897       -65.699897       7.1381782       7.1381782
              3      -60.410981        0.116242   1.3904807e-29      -65.699897       -65.699897       10.577831       10.577831
              2      -62.496726      0.24569187   9.6441876e-30      -65.699897       -65.699897       6.4063428       6.4063428
              6      -62.518619      0.18931755   9.7880806e-30      -65.699897       -65.699897       6.3625566       6.3625566
              5      -62.518536      0.18952692   9.8028945e-30      -65.699897       -65.699897       6.3627213       6.3627213
              7      -62.291601     0.061625009   1.1035726e-29      -65.699897       -65.699897       6.8165927       6.8165927
              4      -62.639114     0.044960913   1.0360879e-29      -65.699897       -65.699897       6.1215666       6.1215666
              6      -62.545743      0.29408139    8.820945e-30      -65.699897       -65.699897       6.3083071       6.3083071
              2      -62.504895      0.50145518   6.8691806e-30      -65.699897       -65.699897       6.3900049       6.3900049
              2      -61.586789      0.39389411   5.2000774e-30      -65.699897       -65.699897       8.2262151       8.2262151
              2      -61.518192      0.41669356   4.6768726e-30      -65.699897       -65.699897       8.3634101       8.3634101
              1      -62.162317      0.20608555   7.2275068e-30      -65.699897       -65.699897       7.0751606       7.0751606
              4      -62.475412      0.44322053   6.4229204e-30      -65.699897       -65.699897       6.4489699       6.4489699
              2      -62.203188      0.38372469   6.3215511e-30      -65.699897       -65.699897       6.9934177       6.9934177
              6      -62.549805      0.37949391   8.1099898e-30      -65.699897       -65.699897       6.3001845       6.3001845
              2      -62.371934     0.063347802   1.1812256e-29      -65.699897       -65.699897       6.6559263       6.6559263
              1      -62.472362     0.059751022   9.6872057e-30      -65.699897       -65.699897       6.4550709       6.4550709
              8      -62.217059      0.73564002   3.2728795e-30      -65.699897       -65.699897       6.9656762       6.9656762
              4      -62.558871      0.53342027    6.058538e-30      -65.699897       -65.699897        6.282052        6.282052
              2      -62.375843      0.45055584   5.9125918e-30      -65.699897       -65.699897       6.6481073       6.6481073
              5      -62.509483      0.45895674   7.2562421e-30      -65.699897       -65.699897       6.3808277       6.3808277
              2      -62.560162      0.46347282   6.5996606e-30      -65.699897       -65.699897       6.2794698       6.2794698
              7      -62.219288      0.53307753   4.7298235e-30      -65.699897       -65.699897       6.9612189       6.9612189
              7       -62.50171      0.13975913   9.5993722e-30      -65.699897       -65.699897       6.3963747       6.3963747
              8      -62.454463      0.26728697   7.6222684e-30      -65.699897       -65.699897        6.490868        6.490868
             10      -62.241125      0.19021888   7.9539415e-30      -65.699897       -65.699897       6.9175436       6.9175436
             22      -62.463421     0.029343788    8.538599e-30      -65.699897       -65.699897        6.472952        6.472952
              2      -61.852826      0.12557205   6.9597913e-30      -65.699897       -65.699897       7.6941423       7.6941423
              6      -62.486771      0.09744186   9.5518176e-30      -65.699897       -65.699897       6.4262527       6.4262527
              2      -62.099148      0.13604802   1.1508104e-29      -65.699897       -65.699897        7.201498        7.201498
              2       -61.31844      0.42378547   1.0117119e-29      -65.699897       -65.699897        8.762914        8.762914
              1      -60.766177       0.2482757   1.2654781e-29      -65.699897       -65.699897       9.8674405       9.8674405
              1      -62.228304     0.072704183   1.0300511e-29      -65.699897       -65.699897        6.943186        6.943186
              1      -62.291388      0.10121565   9.4261558e-30      -65.699897       -65.699897       6.8170186       6.8170186
              4      -62.245168      0.44907357   8.1011604e-30      -65.699897       -65.699897       6.9094586       6.9094586
              7      -62.555971      0.21720864   8.8016749e-30      -65.699897       -65.699897       6.2878529       6.2878529
              6      -62.142868      0.26473792   7.1264674e-30      -65.699897       -65.699897       7.1140582       7.1140582
              4       -62.45225       0.2121172   9.1850308e-30      -65.699897       -65.699897       6.4952942       6.4952942
              9      -62.423896      0.73987487    2.893844e-30      -65.699897       -65.699897       6.5520023       6.5520023
              1      -62.370606     0.039945241   8.9359317e-30      -65.699897       -65.699897       6.6585813       6.6585813
              1      -61.428242       0.3985926   9.9845359e-30      -65.699897       -65.699897       8.5433109       8.5433109
              4      -61.044052      0.13150285   1.5029934e-29      -65.699897       -65.699897       9.3116897       9.3116897
              3      -56.998922      0.15524235   1.7163257e-29      -65.699897       -65.699897       17.401951       17.401951
             16      -60.101745     0.041328154   1.8816259e-29      -65.699897       -65.699897       11.196304       11.196304
              4      -62.516869       0.4633791   7.4100502e-30      -65.699897       -65.699897       6.3660568       6.3660568
              1      -62.512867      0.46099264   7.4213725e-30      -65.699897       -65.699897         6.37406         6.37406
