#        weight    minuslogpost               v              A2   minuslogprior minuslogprior__0            chi2   chi2__loglike
              1      -61.882839      0.51013173   7.7628152e-30      -65.699897       -65.699897       7.6341161       7.6341161
              2      -60.529323      0.53865863   8.1953558e-30      -65.699897       -65.699897       10.341147       10.341147
              1      -60.724152        0.497241   8.8324532e-30      -65.699897       -65.699897       9.9514892       9.9514892
              1      -62.056459      0.51429239   4.6218107e-30      -65.699897       -65.699897       7.2868753       7.2868753
              1      -62.304202      0.53397803   4.8211079e-30      -65.699897       -65.699897       6.7913893       6.7913893
              2      -61.887523      0.53163241   4.2786914e-30      -65.699897       -65.699897        7.624749        7.624749
              1      -62.005219      0.54680219   4.0607676e-30      -65.699897       -65.699897       7.3893568       7.3893568
              1      -62.299401      0.55922399   6.2224878e-30      -65.699897       -65.699897       6.8009921       6.8009921
              1      -62.258496      0.55903221   6.2768697e-30      -65.699897       -65.699897       6.8828023       6.8828023
              1      -62.377161      0.55479708   6.2395305e-30      -65.699897       -65.699897       6.6454712       6.6454712
              1      -62.572676       0.5303475   5.8450734e-30      -65.699897       -65.699897       6.2544419       6.2544419
              1      -62.479112      0.53489558   5.1403151e-30      -65.699897       -65.699897       6.4415696       6.4415696
              1      -62.385605      0.52526355   4.9797238e-30      -65.699897       -65.699897       6.6285838       6.6285838
              1      -61.669836      0.53155651   4.0361183e-30      -65.699897       -65.699897       8.0601214       8.0601214
              1      -61.574734      0.53264572   3.9472646e-30      -65.699897       -65.699897       8.2503253       8.2503253
              1       -62.27677      0.54874502    4.440647e-30      -65.699897       -65.699897       6.8462542       6.8462542
              1      -62.187756      0.56161222   4.3445064e-30      -65.699897       -65.699897       7.0242829       7.0242829
              1       -62.17221      0.56715507   6.1991074e-30      -65.699897       -65.699897       7.0553747       7.0553747
              1      -61.888684      0.53712987   7.0703988e-30      -65.699897       -65.699897       7.6224263       7.6224263
              1      -62.453831      0.52970411   6.4306591e-30      -65.699897       -65.699897       6.4921328       6.4921328
              1      -62.502784      0.53080103   6.3584916e-30      -65.699897       -65.699897       6.3942257       6.3942257
              1      -62.502673      0.53208014   6.4070964e-30      -65.699897       -65.699897       6.3944471       6.3944471
              2      -60.921587      0.56792223   7.3011818e-30      -65.699897       -65.699897       9.5566199       9.5566199
              2      -61.728211      0.58287552    6.712886e-30      -65.699897       -65.699897       7.9433725       7.9433725
              1      -62.558875      0.57169861   5.2768348e-30      -65.699897       -65.699897       6.2820444       6.2820444
              1      -62.550106      0.60618128   4.6058808e-30      -65.699897       -65.699897       6.2995816       6.2995816
              1      -62.474802       0.6368004   3.8256619e-30      -65.699897       -65.699897       6.4501909       6.4501909
              1        -62.5086      0.63784271   3.9279243e-30      -65.699897       -65.699897       6.3825948       6.3825948
              1      -62.333069      0.59715533   3.9698966e-30      -65.699897       -65.699897       6.7336563       6.7336563
              1      -62.327352      0.59715148   3.9605536e-30      -65.699897       -65.699897       6.7450891       6.7450891
              1      -62.509255      0.62565525   4.6166939e-30      -65.699897       -65.699897       6.3812836       6.3812836
              3      -62.453627      0.62200331   5.0133091e-30      -65.699897       -65.699897       6.4925396       6.4925396
              1       -62.53653       0.6255383   4.3041217e-30      -65.699897       -65.699897       6.3267344       6.3267344
              1      -61.694641      0.66810711   4.8345887e-30      -65.699897       -65.699897       8.0105117       8.0105117
              1      -60.456346      0.67431718    5.537339e-30      -65.699897       -65.699897       10.487102       10.487102
              1      -60.001916      0.65680559   5.9242054e-30      -65.699897       -65.699897       11.395961       11.395961
              1      -61.065465      0.68616843   4.8753182e-30      -65.699897       -65.699897       9.2688642       9.2688642
              1      -60.491659      0.68955244   5.1121505e-30      -65.699897       -65.699897       10.416476       10.416476
              1      -62.481224       0.6535603   3.8188319e-30      -65.699897       -65.699897       6.4373454       6.4373454
              3       -62.10311      0.66487828   3.0314038e-30      -65.699897       -65.699897       7.1935743       7.1935743
              3      -62.413097      0.69016461    3.172615e-30      -65.699897       -65.699897       6.5736002       6.5736002
              1      -62.435034      0.68509599   3.2626675e-30      -65.699897       -65.699897       6.5297266       6.5297266
              1      -62.249726      0.64340671   3.4981367e-30      -65.699897       -65.699897       6.9003421       6.9003421
              1      -61.480506      0.64186911    2.817563e-30      -65.699897       -65.699897       8.4387825       8.4387825
              1      -62.169641      0.63664981   3.3287417e-30      -65.699897       -65.699897       7.0605127       7.0605127
              1       -61.87181       0.6286479   3.1244865e-30      -65.699897       -65.699897        7.656175        7.656175
              1      -61.993749      0.63007812   3.2867391e-30      -65.699897       -65.699897       7.4122963       7.4122963
              1      -62.352868      0.59652333   4.0261813e-30      -65.699897       -65.699897       6.6940578       6.6940578
              1      -62.397064       0.5989243   4.1029914e-30      -65.699897       -65.699897       6.6056668       6.6056668
              1      -62.547734       0.5871039   5.0267119e-30      -65.699897       -65.699897       6.3043251       6.3043251
              2      -62.543194       0.5583029   4.9748488e-30      -65.699897       -65.699897       6.3134061       6.3134061
              4      -62.351676      0.53924866   4.7132665e-30      -65.699897       -65.699897       6.6964413       6.6964413
              1      -62.518813      0.56716046   5.5048184e-30      -65.699897       -65.699897        6.362167        6.362167
              1      -62.328581      0.55943281   6.1860521e-30      -65.699897       -65.699897       6.7426323       6.7426323
              1      -62.526369      0.55834863   4.8980985e-30      -65.699897       -65.699897       6.3470552       6.3470552
              1      -62.480313      0.56079684   4.8929463e-30      -65.699897       -65.699897       6.4391684       6.4391684
              2      -62.543016      0.57189654   5.0901354e-30      -65.699897       -65.699897       6.3137628       6.3137628
              1       -62.56605      0.55521263   5.3065583e-30      -65.699897       -65.699897       6.2676939       6.2676939
              3      -62.496359       0.5538866   5.0510018e-30      -65.699897       -65.699897       6.4070769       6.4070769
              1      -62.491857       0.5673882   5.5909681e-30      -65.699897       -65.699897       6.4160804       6.4160804
              1      -62.300763      0.55491971   6.3703894e-30      -65.699897       -65.699897       6.7982686       6.7982686
              2      -62.567857      0.51002363   6.2671123e-30      -65.699897       -65.699897       6.2640808       6.2640808
              3      -62.558575      0.50369815   6.5297947e-30      -65.699897       -65.699897       6.2826445       6.2826445
              1      -62.463818      0.43720375    6.048185e-30      -65.699897       -65.699897       6.4721574       6.4721574
              1      -61.884195      0.42992004   5.1606973e-30      -65.699897       -65.699897       7.6314049       7.6314049
              2      -61.356488      0.47221545   4.2928903e-30      -65.699897       -65.699897       8.6868173       8.6868173
              1      -61.298419      0.50216855    3.966026e-30      -65.699897       -65.699897       8.8029555       8.8029555
              1      -61.945576      0.47710201   4.6594684e-30      -65.699897       -65.699897       7.5086417       7.5086417
              1      -60.872904      0.46636028    3.688739e-30      -65.699897       -65.699897       9.6539851       9.6539851
              1      -62.023374      0.48605853   4.7248112e-30      -65.699897       -65.699897       7.3530464       7.3530464
              1      -62.542369      0.44244349   6.7978808e-30      -65.699897       -65.699897       6.3150553       6.3150553
              1       -62.52526      0.44127268   7.6667453e-30      -65.699897       -65.699897       6.3492734       6.3492734
              2      -62.514666      0.44054497   7.6642938e-30      -65.699897       -65.699897       6.3704629       6.3704629
              1      -62.490709      0.42202773   8.1501089e-30      -65.699897       -65.699897       6.4183756       6.4183756
              1      -62.567358      0.41989021   7.0030467e-30      -65.699897       -65.699897        6.265078        6.265078
              2      -62.553752      0.43117237   6.9504866e-30      -65.699897       -65.699897       6.2922891       6.2922891
              1      -62.549561      0.44863258   7.1819211e-30      -65.699897       -65.699897       6.3006714       6.3006714
              2      -62.572274      0.43974429   7.2047532e-30      -65.699897       -65.699897       6.2552451       6.2552451
              1      -62.575753      0.41766767   6.8335873e-30      -65.699897       -65.699897       6.2482885       6.2482885
              2      -61.146565       0.4348896   4.2727247e-30      -65.699897       -65.699897       9.1066643       9.1066643
              1      -61.300259      0.44174247    4.491246e-30      -65.699897       -65.699897        8.799276        8.799276
              1      -62.587523      0.42768446   6.9787225e-30      -65.699897       -65.699897       6.2247474       6.2247474
              1      -62.471375      0.39660624   6.5396249e-30      -65.699897       -65.699897       6.4570449       6.4570449
              1      -62.353505      0.41688385   5.9671964e-30      -65.699897       -65.699897       6.6927843       6.6927843
              1      -62.569882      0.43158917   7.2694933e-30      -65.699897       -65.699897       6.2600295       6.2600295
              1      -62.551624      0.43641026   7.3276185e-30      -65.699897       -65.699897       6.2965466       6.2965466
              2      -62.477742      0.43293073    8.049127e-30      -65.699897       -65.699897        6.444311        6.444311
              1      -62.511546       0.4223797   8.0517271e-30      -65.699897       -65.699897       6.3767018       6.3767018
              2      -62.578775      0.37670467   7.4282336e-30      -65.699897       -65.699897       6.2422446       6.2422446
              1      -62.353189       0.3770924   8.7547735e-30      -65.699897       -65.699897       6.6934157       6.6934157
              1      -62.545947      0.32456029   8.7931589e-30      -65.699897       -65.699897       6.3078992       6.3078992
              1      -62.550588      0.31477862   8.7921497e-30      -65.699897       -65.699897       6.2986184       6.2986184
              1      -61.913239      0.31488421   6.2336909e-30      -65.699897       -65.699897        7.573316        7.573316
              1      -61.946255      0.34365713   6.2208182e-30      -65.699897       -65.699897       7.5072849       7.5072849
              2      -62.214339      0.34375303   6.7566925e-30      -65.699897       -65.699897       6.9711169       6.9711169
              1      -62.532544      0.43370696   7.7299244e-30      -65.699897       -65.699897       6.3347058       6.3347058
              1      -62.182109      0.38500946   9.3005535e-30      -65.699897       -65.699897       7.0355757       7.0355757
              1      -62.549687      0.25968454   8.9018801e-30      -65.699897       -65.699897       6.3004208       6.3004208
              1      -62.504644      0.24257924   9.2836044e-30      -65.699897       -65.699897       6.3905057       6.3905057
              1      -62.175049      0.20173604   8.0925616e-30      -65.699897       -65.699897       7.0496957       7.0496957
              3      -62.221153      0.16177703   1.2240817e-29      -65.699897       -65.699897        6.957489        6.957489
              3      -62.421073      0.19049706   1.0724938e-29      -65.699897       -65.699897       6.5576482       6.5576482
              1      -62.392007      0.19463587   1.0817972e-29      -65.699897       -65.699897       6.6157802       6.6157802
              2      -61.516231     0.040209234   1.4457069e-29      -65.699897       -65.699897       8.3673329       8.3673329
              2      -62.516749      0.34577612   7.3844219e-30      -65.699897       -65.699897       6.3662955       6.3662955
              2      -62.456441      0.18472634   1.0506835e-29      -65.699897       -65.699897       6.4869128       6.4869128
              1      -61.427299       0.3114871   5.7071221e-30      -65.699897       -65.699897       8.5451953       8.5451953
              2      -62.259231      0.32601198   9.7046488e-30      -65.699897       -65.699897       6.8813329       6.8813329
              1      -62.526075      0.32936247   8.7859943e-30      -65.699897       -65.699897       6.3476448       6.3476448
              1      -62.573917      0.47037355   6.8045183e-30      -65.699897       -65.699897       6.2519608       6.2519608
              1      -62.364411      0.46708069   7.4919822e-30      -65.699897       -65.699897       6.6709727       6.6709727
              1      -62.294037       0.2591311   1.0329002e-29      -65.699897       -65.699897       6.8117194       6.8117194
              3       -61.94359      0.30494595   1.0839264e-29      -65.699897       -65.699897        7.512614        7.512614
              2      -62.479763      0.35818924   6.9574759e-30      -65.699897       -65.699897       6.4402685       6.4402685
              1      -62.049841      0.34203257   6.4929458e-30      -65.699897       -65.699897        7.300112        7.300112
              1      -61.427402      0.38399542   5.0740719e-30      -65.699897       -65.699897       8.5449895       8.5449895
              1      -62.221083      0.60856354   5.4401784e-30      -65.699897       -65.699897       6.9576289       6.9576289
              3      -62.001634      0.64735112   4.9640209e-30      -65.699897       -65.699897       7.3965258       7.3965258
              2      -62.192627       0.5251046   7.0436671e-30      -65.699897       -65.699897        7.014541        7.014541
              1      -62.498511      0.41012239    6.730376e-30      -65.699897       -65.699897       6.4027723       6.4027723
              1      -61.592323      0.49844184   4.0769123e-30      -65.699897       -65.699897       8.2151481       8.2151481
              1      -62.500833      0.62006684   4.7990107e-30      -65.699897       -65.699897       6.3981276       6.3981276
              3      -62.312934      0.68903407   2.9700991e-30      -65.699897       -65.699897       6.7739261       6.7739261
              5      -62.032978      0.71279356   2.5305234e-30      -65.699897       -65.699897       7.3338385       7.3338385
              1      -62.211692      0.69311214   2.9055123e-30      -65.699897       -65.699897       6.9764097       6.9764097
              1      -61.788279      0.68691007   2.4874772e-30      -65.699897       -65.699897       7.8232364       7.8232364
              1       -62.56855      0.54592449   5.6067145e-30      -65.699897       -65.699897       6.2626932       6.2626932
              1      -62.457834      0.53329887   5.2228718e-30      -65.699897       -65.699897       6.4841264       6.4841264
              2      -62.152096      0.63103145   3.4941695e-30      -65.699897       -65.699897       7.0956011       7.0956011
              1      -62.200576      0.63153217   3.5674859e-30      -65.699897       -65.699897       6.9986429       6.9986429
              2      -62.491897      0.51212558   5.6213112e-30      -65.699897       -65.699897       6.4159999       6.4159999
              4      -62.486735      0.57170757   4.8337103e-30      -65.699897       -65.699897       6.4263243       6.4263243
              2      -62.544589      0.61618734   4.4880342e-30      -65.699897       -65.699897       6.3106166       6.3106166
              1      -62.487229      0.66336921   4.1594557e-30      -65.699897       -65.699897       6.4253356       6.4253356
              2      -61.344431      0.53368569   3.6948123e-30      -65.699897       -65.699897       8.7109323       8.7109323
              1      -61.662372      0.55943622   3.6376856e-30      -65.699897       -65.699897       8.0750507       8.0750507
              1      -62.487745      0.46894586   7.1927091e-30      -65.699897       -65.699897       6.4243041       6.4243041
              3      -62.523045      0.47548021   7.0123877e-30      -65.699897       -65.699897       6.3537039       6.3537039
              1      -62.397767      0.40586286   6.2813507e-30      -65.699897       -65.699897       6.6042594       6.6042594
              3      -62.524934       0.2285168   9.4552548e-30      -65.699897       -65.699897       6.3499252       6.3499252
              1      -62.512706      0.26175485    9.042411e-30      -65.699897       -65.699897       6.3743817       6.3743817
              1      -62.485311      0.28176995   8.5090934e-30      -65.699897       -65.699897       6.4291712       6.4291712
              1      -62.421772      0.33974562   9.2201868e-30      -65.699897       -65.699897        6.556251        6.556251
              3      -61.908149      0.31441702   1.0911363e-29      -65.699897       -65.699897       7.5834961       7.5834961
              1         -61.581      0.31199197    1.172712e-29      -65.699897       -65.699897       8.2377944       8.2377944
              2      -62.525293      0.47539173   7.0124144e-30      -65.699897       -65.699897       6.3492074       6.3492074
              1      -62.370731      0.39944877   8.5809665e-30      -65.699897       -65.699897       6.6583329       6.6583329
              1      -62.206022      0.34969807    6.449042e-30      -65.699897       -65.699897       6.9877507       6.9877507
              1      -62.494103      0.20724818   9.6839277e-30      -65.699897       -65.699897       6.4115887       6.4115887
              2      -62.376939      0.14617281   8.0459988e-30      -65.699897       -65.699897       6.6459162       6.6459162
              1      -60.363999      0.08096398   5.8009244e-30      -65.699897       -65.699897       10.671795       10.671795
             11      -60.373652     0.068651674   4.6612697e-30      -65.699897       -65.699897        10.65249        10.65249
              7      -58.358625     0.071468897   3.7914067e-30      -65.699897       -65.699897       14.682545       14.682545
              8       -61.63077     0.018582523     5.03363e-30      -65.699897       -65.699897       8.1382549       8.1382549
              2      -61.093016     0.094351935   6.3210151e-30      -65.699897       -65.699897       9.2137626       9.2137626
              1      -62.013673     0.024897036   7.4498525e-30      -65.699897       -65.699897       7.3724481       7.3724481
              3      -62.003689      0.01844523   5.5074705e-30      -65.699897       -65.699897       7.3924159       7.3924159
              4      -61.180311      0.04065899   7.4275549e-30      -65.699897       -65.699897       9.0391724       9.0391724
              4      -62.210389     0.025387157   7.4322133e-30      -65.699897       -65.699897       6.9790165       6.9790165
              2      -62.293825      0.11533712   1.1405805e-29      -65.699897       -65.699897       6.8121438       6.8121438
              2      -62.437749      0.14065493   1.1034075e-29      -65.699897       -65.699897       6.5242966       6.5242966
              3      -62.492197      0.13468445   9.7907673e-30      -65.699897       -65.699897       6.4153996       6.4153996
              3      -61.589065      0.29359594   6.0663643e-30      -65.699897       -65.699897       8.2216639       8.2216639
              7      -61.026581     0.019054628   1.0559288e-29      -65.699897       -65.699897       9.3466311       9.3466311
              1      -61.653628      0.18291049   7.1080109e-30      -65.699897       -65.699897       8.0925381       8.0925381
              1      -61.810162      0.29533407    6.130168e-30      -65.699897       -65.699897       7.7794707       7.7794707
              1        -61.9261      0.20905674   1.1565584e-29      -65.699897       -65.699897       7.5475946       7.5475946
              1      -61.749782      0.23290141   6.8861639e-30      -65.699897       -65.699897       7.9002295       7.9002295
              2      -61.854438      0.28880803   6.1297065e-30      -65.699897       -65.699897       7.6909171       7.6909171
              1      -62.573669        0.346294   8.0789111e-30      -65.699897       -65.699897        6.252457        6.252457
              2      -62.514367      0.23084019   9.2211982e-30      -65.699897       -65.699897       6.3710592       6.3710592
              1      -62.534047      0.30577901   7.9219436e-30      -65.699897       -65.699897       6.3316994       6.3316994
              1      -62.541505      0.31294512   8.8945926e-30      -65.699897       -65.699897        6.316785        6.316785
              2      -62.519707      0.18580293   8.8604292e-30      -65.699897       -65.699897       6.3603805       6.3603805
              7      -62.223459       0.1012567   9.1846113e-30      -65.699897       -65.699897       6.9528754       6.9528754
              1      -62.528594      0.19866828    9.591921e-30      -65.699897       -65.699897       6.3426066       6.3426066
              1       -62.44513     0.093460691   1.1005238e-29      -65.699897       -65.699897       6.5095347       6.5095347
              2      -62.521897      0.10610681    8.645064e-30      -65.699897       -65.699897       6.3560009       6.3560009
              1      -62.362037      0.12050841   9.0391429e-30      -65.699897       -65.699897       6.6757205       6.6757205
              7      -62.458837      0.04999838   9.5505084e-30      -65.699897       -65.699897         6.48212         6.48212
              1      -62.476524      0.22425077   1.0267232e-29      -65.699897       -65.699897       6.4467468       6.4467468
              1      -61.871617      0.13020426   1.2724936e-29      -65.699897       -65.699897       7.6565592       7.6565592
              3      -62.265372     0.051500807   1.1657386e-29      -65.699897       -65.699897       6.8690505       6.8690505
              1      -62.533119     0.098958533   9.3012346e-30      -65.699897       -65.699897       6.3335566       6.3335566
              1      -62.579951      0.35784119   7.7093963e-30      -65.699897       -65.699897       6.2398925       6.2398925
              1      -62.448778      0.52195698   5.3518036e-30      -65.699897       -65.699897       6.5022371       6.5022371
              2       -62.20751      0.51747553   6.9862136e-30      -65.699897       -65.699897       6.9847748       6.9847748
              1      -62.116724      0.52904897   7.0039713e-30      -65.699897       -65.699897       7.1663456       7.1663456
              1      -62.227758      0.52108949   7.1854054e-30      -65.699897       -65.699897        6.944278        6.944278
              2      -62.566726      0.47839683   6.0609307e-30      -65.699897       -65.699897       6.2663411       6.2663411
              4      -62.413649      0.70685277   2.9256086e-30      -65.699897       -65.699897       6.5724961       6.5724961
              4      -62.242185      0.68021893   4.2570592e-30      -65.699897       -65.699897       6.9154242       6.9154242
              2      -62.495403      0.67424389   3.6343953e-30      -65.699897       -65.699897       6.4089871       6.4089871
              2      -62.011475      0.57602355   3.8025722e-30      -65.699897       -65.699897       7.3768431       7.3768431
              2      -62.099301      0.70585568   3.8842871e-30      -65.699897       -65.699897       7.2011928       7.2011928
              2       -62.12276      0.33398566    6.614369e-30      -65.699897       -65.699897       7.1542749       7.1542749
              3      -62.480224      0.14020097   1.0419941e-29      -65.699897       -65.699897       6.4393463       6.4393463
              2      -61.950281      0.09844242   1.1485008e-29      -65.699897       -65.699897        7.499232        7.499232
              1      -62.451845      0.11922289    1.028789e-29      -65.699897       -65.699897       6.4961034       6.4961034
              3      -62.467878      0.17783221    9.994034e-30      -65.699897       -65.699897        6.464038        6.464038
              2      -62.515514      0.20378873   9.7407587e-30      -65.699897       -65.699897        6.368766        6.368766
              1      -62.514617      0.22565673   9.6362554e-30      -65.699897       -65.699897       6.3705602       6.3705602
              9       -61.85669      0.16109703   1.2950033e-29      -65.699897       -65.699897       7.6864138       7.6864138
              3      -62.075841     0.071601681    1.410263e-29      -65.699897       -65.699897       7.2481119       7.2481119
              7      -62.288999      0.24633136   1.0323132e-29      -65.699897       -65.699897       6.8217952       6.8217952
              3      -62.248542      0.21113181   1.1432027e-29      -65.699897       -65.699897       6.9027106       6.9027106
              1       -61.13033      0.22159482   1.3592988e-29      -65.699897       -65.699897       9.1391345       9.1391345
             12      -61.543449       0.3236668   1.1515503e-29      -65.699897       -65.699897        8.312897        8.312897
             10      -62.493263     0.058664517   8.6209445e-30      -65.699897       -65.699897       6.4132687       6.4132687
              4       -62.45075     0.090856456   1.1006381e-29      -65.699897       -65.699897       6.4982934       6.4982934
              2      -62.200439      0.33098557   1.0186068e-29      -65.699897       -65.699897       6.9989154       6.9989154
              2       -62.30907      0.14224922   1.2241474e-29      -65.699897       -65.699897       6.7816534       6.7816534
              8      -62.188428      0.13094861   1.2425335e-29      -65.699897       -65.699897       7.0229385       7.0229385
              4      -62.222412       0.2529767   1.1233219e-29      -65.699897       -65.699897       6.9549699       6.9549699
             13        -62.5585      0.57691868   5.1203656e-30      -65.699897       -65.699897       6.2827938       6.2827938
              1      -62.555191      0.52794721   5.3781925e-30      -65.699897       -65.699897       6.2894126       6.2894126
              4      -62.509958      0.57301113   4.9090409e-30      -65.699897       -65.699897        6.379879        6.379879
              5      -62.017658      0.89170233   1.0622663e-30      -65.699897       -65.699897       7.3644783       7.3644783
              4      -62.460398      0.46278683   7.6698394e-30      -65.699897       -65.699897       6.4789972       6.4789972
              3      -61.794019      0.14417158    1.302282e-29      -65.699897       -65.699897       7.8117556       7.8117556
              1      -62.328933     0.070537887   9.5154228e-30      -65.699897       -65.699897       6.7419276       6.7419276
              1      -62.572307      0.53771195   5.6607441e-30      -65.699897       -65.699897       6.2551792       6.2551792
              4      -62.294835      0.51834618   6.8498612e-30      -65.699897       -65.699897       6.8101231       6.8101231
              8      -62.561952      0.44367152   6.8690037e-30      -65.699897       -65.699897       6.2758892       6.2758892
              8      -62.494517      0.18717618   8.2915735e-30      -65.699897       -65.699897       6.4107595       6.4107595
              5      -62.626772     0.055697705   9.3912524e-30      -65.699897       -65.699897       6.1462497       6.1462497
              6      -62.504829      0.17372374   1.0203526e-29      -65.699897       -65.699897       6.3901364       6.3901364
              2      -62.150916     0.060884998   1.3425771e-29      -65.699897       -65.699897        7.097961        7.097961
              3      -62.453508       0.3310649   9.4091694e-30      -65.699897       -65.699897       6.4927772       6.4927772
              2       -62.06818     0.051878675   1.4409671e-29      -65.699897       -65.699897       7.2634337       7.2634337
              1      -60.751526     0.088083904   1.2991174e-29      -65.699897       -65.699897       9.8967416       9.8967416
              2      -61.985639      0.13393406   1.2804736e-29      -65.699897       -65.699897       7.4285154       7.4285154
              1       -62.18282      0.13249739    1.281256e-29      -65.699897       -65.699897       7.0341531       7.0341531
              2      -62.437111       0.1849166   1.0549907e-29      -65.699897       -65.699897       6.5255728       6.5255728
              4      -61.908605      0.38562544   5.5319069e-30      -65.699897       -65.699897       7.5825849       7.5825849
              1      -61.597405      0.39988999   5.0417655e-30      -65.699897       -65.699897       8.2049834       8.2049834
              3      -62.414203      0.67527812   4.0475127e-30      -65.699897       -65.699897       6.5713876       6.5713876
              5      -62.098901      0.38697165   9.1705965e-30      -65.699897       -65.699897       7.2019918       7.2019918
              4      -61.098661      0.39233283   1.1027898e-29      -65.699897       -65.699897       9.2024718       9.2024718
              2      -62.276876      0.61443908   3.8178598e-30      -65.699897       -65.699897       6.8460412       6.8460412
              1      -62.568659      0.29826617   8.4237543e-30      -65.699897       -65.699897       6.2624769       6.2624769
              8      -62.524594      0.27122708   8.9302181e-30      -65.699897       -65.699897       6.3506053       6.3506053
             10      -61.414656      0.13011591     1.34912e-29      -65.699897       -65.699897       8.5704811       8.5704811
              1      -61.950642      0.23104061   1.1960437e-29      -65.699897       -65.699897       7.4985096       7.4985096
              1      -60.636299      0.29717285   1.2181691e-29      -65.699897       -65.699897       10.127197       10.127197
              7      -62.252661      0.15235541   8.9136364e-30      -65.699897       -65.699897       6.8944719       6.8944719
              4       -62.53962      0.18926807   9.2682261e-30      -65.699897       -65.699897       6.3205547       6.3205547
              1      -62.092301      0.32215818   6.7813899e-30      -65.699897       -65.699897       7.2151925       7.2151925
              6      -62.373736      0.57390434   5.9927155e-30      -65.699897       -65.699897       6.6523229       6.6523229
              2      -59.617186      0.42053602   1.1535618e-29      -65.699897       -65.699897       12.165423       12.165423
              1      -62.326185      0.16150479   8.9750125e-30      -65.699897       -65.699897       6.7474244       6.7474244
              3      -62.321936      0.23108511   8.1526096e-30      -65.699897       -65.699897       6.7559221       6.7559221
              5      -62.551682      0.57256185   5.1667322e-30      -65.699897       -65.699897       6.2964291       6.2964291
              1      -61.961939      0.52278692   4.4787802e-30      -65.699897       -65.699897       7.4759155       7.4759155
              1      -62.551848      0.41473639   7.7579201e-30      -65.699897       -65.699897       6.2960983       6.2960983
              2      -62.567465      0.36465669   7.9126198e-30      -65.699897       -65.699897       6.2648634       6.2648634
              5      -62.472756      0.56817354    4.598837e-30      -65.699897       -65.699897       6.4542828       6.4542828
              1      -59.989509      0.71755067   4.6212523e-30      -65.699897       -65.699897       11.420776       11.420776
              7      -61.242205      0.53264767   8.1590881e-30      -65.699897       -65.699897       8.9153848       8.9153848
              2      -61.893183      0.50497348   7.8241401e-30      -65.699897       -65.699897       7.6134276       7.6134276
              2      -61.430724        0.786645    1.440935e-30      -65.699897       -65.699897       8.5383459       8.5383459
              5      -58.010076     0.063848223   3.3794563e-30      -65.699897       -65.699897       15.379642       15.379642
              2      -61.548612     0.090124455   6.9295187e-30      -65.699897       -65.699897       8.3025707       8.3025707
              1      -61.798885      0.23090261   6.8272661e-30      -65.699897       -65.699897       7.8020237       7.8020237
              2      -61.434104      0.18924887   6.0602986e-30      -65.699897       -65.699897       8.5315861       8.5315861
              1      -62.388413      0.20334432   8.8074006e-30      -65.699897       -65.699897       6.6229675       6.6229675
              2      -62.545225      0.16637251   9.0701493e-30      -65.699897       -65.699897       6.3093443       6.3093443
              2        -61.1658      0.21619799    5.492768e-30      -65.699897       -65.699897       9.0681931       9.0681931
              5      -61.993655      0.70224613   2.6073854e-30      -65.699897       -65.699897       7.4124845       7.4124845
              3      -61.727705      0.62157654   3.1962485e-30      -65.699897       -65.699897       7.9443832       7.9443832
              2      -62.369824      0.72829455   2.6251659e-30      -65.699897       -65.699897       6.6601468       6.6601468
              3      -62.093677      0.39613309   5.6901331e-30      -65.699897       -65.699897       7.2124406       7.2124406
              6      -62.540705      0.34214186   8.7606778e-30      -65.699897       -65.699897        6.318385        6.318385
              4      -62.119764      0.36252747   1.0057133e-29      -65.699897       -65.699897       7.1602661       7.1602661
             15      -62.012093     0.041702072   1.2895338e-29      -65.699897       -65.699897       7.3756089       7.3756089
              3      -61.642098     0.039553776   1.2889442e-29      -65.699897       -65.699897       8.1155982       8.1155982
              2      -61.117849     0.036101511   1.1077126e-29      -65.699897       -65.699897       9.1640963       9.1640963
              8      -62.005158     0.062237426   1.4631705e-29      -65.699897       -65.699897       7.3894778       7.3894778
              6      -62.459902      0.34309457   9.3172411e-30      -65.699897       -65.699897       6.4799898       6.4799898
              1      -62.543873      0.26923246    9.103503e-30      -65.699897       -65.699897       6.3120488       6.3120488
              1      -62.454655      0.51520929   5.2742445e-30      -65.699897       -65.699897       6.4904833       6.4904833
              3      -62.598946     0.045689455   9.6582376e-30      -65.699897       -65.699897       6.2019014       6.2019014
              1       -62.35202     0.057391542   9.6862652e-30      -65.699897       -65.699897       6.6957537       6.6957537
              7       -62.15315      0.16336171    1.238347e-29      -65.699897       -65.699897       7.0934949       7.0934949
              1       -61.62013      0.18847149   1.2068499e-29      -65.699897       -65.699897       8.1595333       8.1595333
              3      -62.234952      0.16064867   1.1756075e-29      -65.699897       -65.699897       6.9298902       6.9298902
              3      -61.947584      0.10979105   1.2440344e-29      -65.699897       -65.699897       7.5046267       7.5046267
              1      -62.327976      0.20864902   7.6372318e-30      -65.699897       -65.699897       6.7438415       6.7438415
              7      -62.579516      0.49507428   6.3041912e-30      -65.699897       -65.699897       6.2407611       6.2407611
              1      -62.486024      0.50948012    5.412306e-30      -65.699897       -65.699897        6.427746        6.427746
              5      -62.512199      0.61458353   4.8716531e-30      -65.699897       -65.699897       6.3753954       6.3753954
              1      -62.548628      0.34315662   8.3015197e-30      -65.699897       -65.699897       6.3025379       6.3025379
              5      -61.874692      0.14889042   6.8229795e-30      -65.699897       -65.699897       7.6504103       7.6504103
              3      -62.375559      0.10844453   8.0660651e-30      -65.699897       -65.699897       6.6486762       6.6486762
              1      -62.304549       0.1441246   8.7494869e-30      -65.699897       -65.699897       6.7906969       6.7906969
              1      -61.651064      0.46937931    8.657497e-30      -65.699897       -65.699897       8.0976666       8.0976666
              2        -60.7196      0.31904504   1.2010622e-29      -65.699897       -65.699897       9.9605945       9.9605945
              3      -61.167015      0.31414683   1.2054383e-29      -65.699897       -65.699897       9.0657644       9.0657644
              1       -61.47358      0.16524205   6.3090435e-30      -65.699897       -65.699897       8.4526334       8.4526334
              2      -60.765274      0.30889119   4.6220881e-30      -65.699897       -65.699897       9.8692459       9.8692459
              2      -61.432277      0.37152568   5.2323838e-30      -65.699897       -65.699897       8.5352408       8.5352408
              1      -62.485245      0.22164126    1.028235e-29      -65.699897       -65.699897       6.4293049       6.4293049
              1      -62.243081      0.20245536   1.1767154e-29      -65.699897       -65.699897       6.9136318       6.9136318
              3      -62.089732     0.074503035   1.2736149e-29      -65.699897       -65.699897        7.220331        7.220331
             11      -62.491715      0.30514928   7.8068783e-30      -65.699897       -65.699897       6.4163642       6.4163642
              3       -61.94727      0.11609417   1.1871475e-29      -65.699897       -65.699897       7.5052546       7.5052546
              6      -62.340143     0.050511052   1.2631908e-29      -65.699897       -65.699897       6.7195079       6.7195079
              3      -62.342593      0.12339423   1.1904279e-29      -65.699897       -65.699897       6.7146074       6.7146074
              7      -62.497683     0.064486818   1.1028752e-29      -65.699897       -65.699897       6.4044277       6.4044277
              1       -62.32383      0.46361713   5.7105673e-30      -65.699897       -65.699897       6.7521346       6.7521346
              2      -62.094261      0.52778712   6.9811733e-30      -65.699897       -65.699897       7.2112725       7.2112725
              4      -61.075662     0.079538735   1.3773021e-29      -65.699897       -65.699897       9.2484702       9.2484702
              3       -62.48642      0.19239064   1.0531505e-29      -65.699897       -65.699897       6.4269545       6.4269545
              1      -62.241868     0.051657024   1.1829607e-29      -65.699897       -65.699897        6.916058        6.916058
              1      -61.623066     0.053769466   8.3225609e-30      -65.699897       -65.699897       8.1536611       8.1536611
             10      -61.833444      0.16201901   7.6528374e-30      -65.699897       -65.699897       7.7329061       7.7329061
             12      -62.534574      0.61860406   4.5680338e-30      -65.699897       -65.699897       6.3306463       6.3306463
              1       -62.48069      0.62612296   4.6815509e-30      -65.699897       -65.699897        6.438414        6.438414
              2      -62.558062       0.4197038   7.5923438e-30      -65.699897       -65.699897        6.283671        6.283671
              1      -62.104667     0.038991231   1.1008105e-29      -65.699897       -65.699897       7.1904607       7.1904607
             10      -62.556297     0.046538862    8.600876e-30      -65.699897       -65.699897       6.2872008       6.2872008
              3      -62.316698      0.12182364   1.2406883e-29      -65.699897       -65.699897       6.7663988       6.7663988
              2      -62.138698     0.090902707   1.2971492e-29      -65.699897       -65.699897       7.1223972       7.1223972
              8       -62.45399      0.35875217   6.9089627e-30      -65.699897       -65.699897       6.4918139       6.4918139
              7      -62.444528     0.060527741   1.0871346e-29      -65.699897       -65.699897       6.5107374       6.5107374
             10      -62.339682     0.040099925   9.1848548e-30      -65.699897       -65.699897       6.7204309       6.7204309
              4      -62.355967      0.12701409   1.0566005e-29      -65.699897       -65.699897       6.6878597       6.6878597
              5      -62.371806      0.36224615   9.4225227e-30      -65.699897       -65.699897       6.6561815       6.6561815
              2      -62.560511      0.43533648   6.6850773e-30      -65.699897       -65.699897       6.2787723       6.2787723
              5      -61.978667      0.21382384   7.3618703e-30      -65.699897       -65.699897       7.4424595       7.4424595
              2      -62.423719      0.14037244    9.177492e-30      -65.699897       -65.699897       6.5523558       6.5523558
              1      -62.503619      0.31379703   9.3434235e-30      -65.699897       -65.699897       6.3925566       6.3925566
              3      -61.689832     0.044080777   1.4935005e-29      -65.699897       -65.699897       8.0201293       8.0201293
             11      -61.639366      0.12063378   1.3649857e-29      -65.699897       -65.699897       8.1210615       8.1210615
              2      -61.311994      0.12310788   1.4700428e-29      -65.699897       -65.699897       8.7758063       8.7758063
              2      -60.683102       0.3196588   1.2197506e-29      -65.699897       -65.699897       10.033589       10.033589
              1      -60.856468      0.32965763   1.1869492e-29      -65.699897       -65.699897       9.6868579       9.6868579
              3      -62.517608     0.085162416   1.0267241e-29      -65.699897       -65.699897       6.3645788       6.3645788
              6      -62.507201      0.28258218   8.7261919e-30      -65.699897       -65.699897       6.3853923       6.3853923
              2      -61.002185      0.32322421   1.2284903e-29      -65.699897       -65.699897       9.3954236       9.3954236
              2      -61.209325      0.44893395   9.4144099e-30      -65.699897       -65.699897       8.9811431       8.9811431
              2      -62.469218      0.12431266   9.9811372e-30      -65.699897       -65.699897       6.4613573       6.4613573
              4      -62.538512      0.21670461   9.2998281e-30      -65.699897       -65.699897       6.3227701       6.3227701
              1      -61.655106      0.55280908   3.8267945e-30      -65.699897       -65.699897       8.0895822       8.0895822
              2      -62.493462      0.34644254   7.1633191e-30      -65.699897       -65.699897       6.4128698       6.4128698
              1      -61.905034      0.31767212   5.9341209e-30      -65.699897       -65.699897       7.5897255       7.5897255
              3      -61.768914      0.36746894   5.3590336e-30      -65.699897       -65.699897       7.8619662       7.8619662
              1      -62.453937      0.35160757   7.4624672e-30      -65.699897       -65.699897       6.4919199       6.4919199
              5      -62.521221     0.098713998   9.5726388e-30      -65.699897       -65.699897       6.3573521       6.3573521
             22      -62.553488       0.0650766   1.0312622e-29      -65.699897       -65.699897       6.2928175       6.2928175
              1      -62.246831      0.17959797   1.1163987e-29      -65.699897       -65.699897       6.9061322       6.9061322
              5      -62.268652      0.13063361   1.1962264e-29      -65.699897       -65.699897       6.8624907       6.8624907
              4       -62.57969      0.42673194   6.7980488e-30      -65.699897       -65.699897       6.2404148       6.2404148
              1      -62.552291      0.29649022   8.7409352e-30      -65.699897       -65.699897       6.2952112       6.2952112
             29       -62.07149     0.016388619   5.5038405e-30      -65.699897       -65.699897       7.2568144       7.2568144
              3      -62.086904      0.16447217   7.7654526e-30      -65.699897       -65.699897       7.2259861       7.2259861
              2      -61.989791      0.41316313   9.4798149e-30      -65.699897       -65.699897       7.4202129       7.4202129
              9      -61.875725      0.33075521   1.0791774e-29      -65.699897       -65.699897       7.6483448       7.6483448
              9      -62.513528      0.33980077   8.8210514e-30      -65.699897       -65.699897       6.3727371       6.3727371
              4      -60.770482      0.22996571   5.1689373e-30      -65.699897       -65.699897       9.8588296       9.8588296
              3      -61.989436      0.12793027   6.8568891e-30      -65.699897       -65.699897       7.4209211       7.4209211
              2      -61.844337      0.12995113   7.2370603e-30      -65.699897       -65.699897       7.7111208       7.7111208
              2        -62.3559      0.25777098   7.3345255e-30      -65.699897       -65.699897       6.6879935       6.6879935
              6      -62.075825      0.11397074   1.2739123e-29      -65.699897       -65.699897       7.2481445       7.2481445
             27      -62.325816     0.048234034   7.2207642e-30      -65.699897       -65.699897       6.7481625       6.7481625
              4       -62.26424      0.08995785   8.4277105e-30      -65.699897       -65.699897       6.8713132       6.8713132
              1      -62.326029      0.17853159   1.0636809e-29      -65.699897       -65.699897       6.7477359       6.7477359
              6      -62.580736      0.36783653   7.5711224e-30      -65.699897       -65.699897       6.2383215       6.2383215
              6      -62.550533      0.58637109   5.0401456e-30      -65.699897       -65.699897       6.2987289       6.2987289
             10      -62.525523      0.22941317     8.67757e-30      -65.699897       -65.699897       6.3487478       6.3487478
              4      -61.614834      0.56899565    3.482716e-30      -65.699897       -65.699897       8.1701264       8.1701264
              2      -61.048879      0.15754645    5.392526e-30      -65.699897       -65.699897       9.3020365       9.3020365
              5      -59.362755      0.36625266   1.2341759e-29      -65.699897       -65.699897       12.674284       12.674284
              1      -60.094488      0.13657377   1.4082163e-29      -65.699897       -65.699897       11.210818       11.210818
              2      -61.657038      0.65503313   5.2167443e-30      -65.699897       -65.699897       8.0857184       8.0857184
              9      -61.718596       0.2673237   1.1184536e-29      -65.699897       -65.699897        7.962602        7.962602
              4      -62.004289      0.29708252   1.0419794e-29      -65.699897       -65.699897       7.3912157       7.3912157
              1      -62.367207      0.25087527    1.058264e-29      -65.699897       -65.699897         6.66538         6.66538
