#        weight    minuslogpost               v              A2   minuslogprior minuslogprior__0            chi2   chi2__loglike
              3      -60.950884      0.46688375   2.9568908e-30      -66.805221       -66.805221       11.708674       11.708674
              1      -61.590569      0.49450755   3.4755003e-30      -66.805221       -66.805221       10.429304       10.429304
              1      -62.156436      0.50449566   4.1870733e-30      -66.805221       -66.805221       9.2975686       9.2975686
              2      -62.380328      0.48752068   4.7827537e-30      -66.805221       -66.805221       8.8497849       8.8497849
              1      -62.102225      0.51147329   6.1529413e-30      -66.805221       -66.805221       9.4059909       9.4059909
              1       -62.28256      0.52719781   5.7427998e-30      -66.805221       -66.805221       9.0453208       9.0453208
              1      -61.770605      0.53514258   6.5042912e-30      -66.805221       -66.805221       10.069231       10.069231
              1      -62.403126      0.53818556   4.8393726e-30      -66.805221       -66.805221       8.8041887       8.8041887
              1      -62.409731       0.5597481   4.9378975e-30      -66.805221       -66.805221       8.7909794       8.7909794
              1      -61.995407      0.55517434   6.1440169e-30      -66.805221       -66.805221       9.6196268       9.6196268
              2      -62.151146      0.53722398   5.9738415e-30      -66.805221       -66.805221       9.3081501       9.3081501
              1      -60.025171      0.52036227   7.9136625e-30      -66.805221       -66.805221         13.5601         13.5601
              2      -60.405702      0.54433023   7.5730768e-30      -66.805221       -66.805221       12.799038       12.799038
              1      -61.723885      0.53273033     6.56508e-30      -66.805221       -66.805221       10.162672       10.162672
              1      -62.160627      0.55652142   5.8806182e-30      -66.805221       -66.805221       9.2891868       9.2891868
              1      -62.218972      0.57111933   4.1721642e-30      -66.805221       -66.805221       9.1724967       9.1724967
              1      -62.369052      0.58938553   4.5623537e-30      -66.805221       -66.805221        8.872338        8.872338
              3      -62.385098      0.61473304   4.9668384e-30      -66.805221       -66.805221       8.8402459       8.8402459
              2      -62.378688       0.6097847   5.0399828e-30      -66.805221       -66.805221       8.8530658       8.8530658
              1      -62.268124      0.60491617   5.4531697e-30      -66.805221       -66.805221       9.0741941       9.0741941
              1       -62.33591      0.59620874    5.301508e-30      -66.805221       -66.805221        8.938621        8.938621
              1      -62.399147      0.59917827   4.8752798e-30      -66.805221       -66.805221       8.8121478       8.8121478
              2      -62.337595      0.61876732   4.3752038e-30      -66.805221       -66.805221       8.9352508       8.9352508
              1      -62.380581      0.62348762   4.5795211e-30      -66.805221       -66.805221       8.8492788       8.8492788
              1      -62.338999      0.61253716    5.211986e-30      -66.805221       -66.805221       8.9324427       8.9324427
              1      -62.303204      0.61342836   4.2769703e-30      -66.805221       -66.805221        9.004034        9.004034
              2      -62.320376      0.62455057   4.3034728e-30      -66.805221       -66.805221       8.9696885       8.9696885
              2      -62.204357       0.5872542   4.1073686e-30      -66.805221       -66.805221       9.2017277       9.2017277
              2      -62.188124      0.61861499   4.0039447e-30      -66.805221       -66.805221       9.2341942       9.2341942
              1      -61.190429      0.67045832   2.7941712e-30      -66.805221       -66.805221       11.229583       11.229583
              1      -61.375885      0.67226899    2.936305e-30      -66.805221       -66.805221       10.858671       10.858671
              1      -62.082082      0.64652633   3.7561597e-30      -66.805221       -66.805221       9.4462782       9.4462782
              1      -62.177662       0.6463978   3.9161943e-30      -66.805221       -66.805221       9.2551178       9.2551178
              2      -61.966496      0.57113718   3.7650801e-30      -66.805221       -66.805221         9.67745         9.67745
              1        -62.0146      0.59844037   3.7717257e-30      -66.805221       -66.805221       9.5812408       9.5812408
              1      -62.294605      0.59261742   5.4411706e-30      -66.805221       -66.805221       9.0212313       9.0212313
              1      -62.360605      0.57643769   5.3000849e-30      -66.805221       -66.805221       8.8892324       8.8892324
              1      -62.358884      0.57579589   5.3103836e-30      -66.805221       -66.805221       8.8926737       8.8926737
              1      -62.370729      0.57547635   5.2606012e-30      -66.805221       -66.805221       8.8689843       8.8689843
              1      -62.326393      0.57297109    5.436645e-30      -66.805221       -66.805221       8.9576561       8.9576561
              1      -62.330974      0.54662427   4.4992965e-30      -66.805221       -66.805221       8.9484929       8.9484929
              1       -62.29369      0.54526004   4.3962957e-30      -66.805221       -66.805221       9.0230615       9.0230615
              1      -61.203349      0.58841529   2.9673322e-30      -66.805221       -66.805221       11.203743       11.203743
              2      -62.001798      0.65620612   5.6690018e-30      -66.805221       -66.805221       9.6068446       9.6068446
              2      -62.084796      0.69641772   5.3342531e-30      -66.805221       -66.805221       9.4408502       9.4408502
              2      -61.852814      0.69950995   5.6155188e-30      -66.805221       -66.805221       9.9048125       9.9048125
              1      -61.934706      0.68529521   5.6004394e-30      -66.805221       -66.805221       9.7410298       9.7410298
              1      -62.155152      0.68543091   5.2806331e-30      -66.805221       -66.805221       9.3001376       9.3001376
              1      -62.153155      0.68357402   5.2940514e-30      -66.805221       -66.805221       9.3041311       9.3041311
              2      -62.351986      0.68075061   4.3172533e-30      -66.805221       -66.805221        8.906469        8.906469
              1      -62.175392       0.6542881   5.4084496e-30      -66.805221       -66.805221       9.2596579       9.2596579
              1      -61.654043      0.65666383   3.2209743e-30      -66.805221       -66.805221       10.302355       10.302355
              1      -61.796736      0.68484423   3.2974884e-30      -66.805221       -66.805221       10.016969       10.016969
              3      -62.233541      0.67815231   3.9459905e-30      -66.805221       -66.805221         9.14336         9.14336
              2      -62.228324      0.67832318   3.9342185e-30      -66.805221       -66.805221        9.153794        9.153794
              1      -61.910335      0.70542038   3.3706159e-30      -66.805221       -66.805221       9.7897705       9.7897705
              1      -62.344337      0.70207293   4.6755942e-30      -66.805221       -66.805221       8.9217679       8.9217679
              2      -62.370586      0.68346201   4.5562451e-30      -66.805221       -66.805221       8.8692699       8.8692699
              2       -62.20125      0.69502957   5.1417832e-30      -66.805221       -66.805221       9.2079415       9.2079415
              1      -62.278278      0.68177887   5.0387761e-30      -66.805221       -66.805221       9.0538851       9.0538851
              1       -60.40396       0.7208331   2.1787471e-30      -66.805221       -66.805221       12.802522       12.802522
              2       -62.19457      0.76300309    3.618345e-30      -66.805221       -66.805221       9.2213023       9.2213023
              1       -62.13855      0.72864277   3.6215249e-30      -66.805221       -66.805221       9.3333417       9.3333417
              1      -62.278299      0.70330234   3.9879179e-30      -66.805221       -66.805221       9.0538428       9.0538428
              2      -61.765673      0.69890731   3.2279958e-30      -66.805221       -66.805221       10.079095       10.079095
              1      -61.780147        0.706294   3.2233615e-30      -66.805221       -66.805221       10.050147       10.050147
              1      -62.346577       0.7348089   4.2494821e-30      -66.805221       -66.805221       8.9172877       8.9172877
              1      -62.311532      0.72908083   4.6474258e-30      -66.805221       -66.805221       8.9873784       8.9873784
              3      -62.312924      0.78023663   3.9391952e-30      -66.805221       -66.805221       8.9845935       8.9845935
              4      -62.259717      0.80864286   3.6357337e-30      -66.805221       -66.805221       9.0910074       9.0910074
              1      -61.988738      0.81711519    4.681598e-30      -66.805221       -66.805221       9.6329651       9.6329651
              1      -61.075931      0.81702953   5.4526266e-30      -66.805221       -66.805221       11.458579       11.458579
              1      -61.447562       0.7844565   5.4435795e-30      -66.805221       -66.805221       10.715318       10.715318
              2      -62.194353      0.81519265   4.3704225e-30      -66.805221       -66.805221        9.221735        9.221735
              1      -61.539213        0.807759   5.1955021e-30      -66.805221       -66.805221       10.532015       10.532015
              1      -62.214025      0.78044727   4.5803313e-30      -66.805221       -66.805221       9.1823913       9.1823913
              1      -62.186103      0.77392939   4.6847219e-30      -66.805221       -66.805221       9.2382348       9.2382348
              1      -62.077807      0.76575988   3.4095142e-30      -66.805221       -66.805221       9.4548271       9.4548271
              2      -62.119443      0.82605607    4.426891e-30      -66.805221       -66.805221       9.3715562       9.3715562
              1      -62.139325      0.82813755   4.3760111e-30      -66.805221       -66.805221       9.3317916       9.3317916
              1      -60.956658      0.83766451   5.3503707e-30      -66.805221       -66.805221       11.697125       11.697125
              1       -62.27301      0.70096894    3.980144e-30      -66.805221       -66.805221       9.0644211       9.0644211
              2      -59.906886      0.76233165   1.8370332e-30      -66.805221       -66.805221        13.79667        13.79667
              3       -61.83083      0.81026377    2.956747e-30      -66.805221       -66.805221       9.9487807       9.9487807
              1      -62.146418      0.69900652   3.7207885e-30      -66.805221       -66.805221       9.3176057       9.3176057
              3      -61.394566      0.67576261   2.9437504e-30      -66.805221       -66.805221       10.821309       10.821309
              2      -61.624322      0.77454359   5.3673822e-30      -66.805221       -66.805221       10.361797       10.361797
              2      -62.030537      0.82707569   4.5509544e-30      -66.805221       -66.805221       9.5493671       9.5493671
              1      -61.870398      0.76968858   5.1582627e-30      -66.805221       -66.805221       9.8696456       9.8696456
              1      -61.948257      0.69927871   3.4337117e-30      -66.805221       -66.805221       9.7139267       9.7139267
              1      -62.181022      0.69558145   5.1776406e-30      -66.805221       -66.805221       9.2483973       9.2483973
              4       -62.36548       0.5217719   4.6656483e-30      -66.805221       -66.805221       8.8794806       8.8794806
              4      -61.655934      0.71618449   3.0734705e-30      -66.805221       -66.805221       10.298574       10.298574
              2      -62.035016      0.73544276   3.4430797e-30      -66.805221       -66.805221       9.5404103       9.5404103
              1      -62.026035      0.88820046   4.0360362e-30      -66.805221       -66.805221       9.5583717       9.5583717
              1      -61.810587      0.83287002   2.8546256e-30      -66.805221       -66.805221       9.9892665       9.9892665
              9      -61.706985       0.8437162   2.7166816e-30      -66.805221       -66.805221       10.196472       10.196472
              1      -61.302235      0.78988558   5.5119103e-30      -66.805221       -66.805221       11.005971       11.005971
              1      -62.362726       0.6478829   4.4302391e-30      -66.805221       -66.805221       8.8849902       8.8849902
              1      -62.084798      0.75516582   3.4539312e-30      -66.805221       -66.805221       9.4408465       9.4408465
              2      -62.280444      0.76846253   3.8177663e-30      -66.805221       -66.805221       9.0495532       9.0495532
              5       -62.35576      0.70053798    4.322998e-30      -66.805221       -66.805221       8.8989225       8.8989225
              1      -62.086771      0.63145701   3.8006238e-30      -66.805221       -66.805221       9.4368985       9.4368985
              2      -61.994885      0.63410212   3.6617467e-30      -66.805221       -66.805221       9.6206721       9.6206721
              2      -62.179336      0.50540933   6.0427503e-30      -66.805221       -66.805221       9.2517699       9.2517699
              2      -62.431178      0.46409747   5.2070364e-30      -66.805221       -66.805221       8.7480848       8.7480848
              1      -62.250479      0.41312113    4.526145e-30      -66.805221       -66.805221       9.1094843       9.1094843
              1      -62.434773      0.42712798   5.2261487e-30      -66.805221       -66.805221       8.7408956       8.7408956
              1      -62.450095      0.33433834   5.5665467e-30      -66.805221       -66.805221       8.7102514       8.7102514
              1      -62.450405      0.33399159   5.5533179e-30      -66.805221       -66.805221       8.7096324       8.7096324
              2      -62.402666      0.43918989   4.9585875e-30      -66.805221       -66.805221       8.8051091       8.8051091
              1      -62.353301      0.53338401   4.5987519e-30      -66.805221       -66.805221       8.9038403       8.9038403
              2      -61.941069      0.49082082   3.8843796e-30      -66.805221       -66.805221        9.728304        9.728304
              1      -62.015624      0.46485317   4.0317374e-30      -66.805221       -66.805221       9.5791932       9.5791932
              2      -60.270564      0.42528282   2.5258883e-30      -66.805221       -66.805221       13.069313       13.069313
              1      -59.101253      0.42618076   1.8492263e-30      -66.805221       -66.805221       15.407936       15.407936
              1       -60.56194      0.57001165   2.5374944e-30      -66.805221       -66.805221       12.486561       12.486561
              2      -61.825081      0.53604247   6.4379175e-30      -66.805221       -66.805221       9.9602794       9.9602794
              1      -62.240357      0.49400332   5.9614472e-30      -66.805221       -66.805221       9.1297272       9.1297272
              3      -62.420095       0.5160422   5.1607199e-30      -66.805221       -66.805221       8.7702524       8.7702524
              3       -61.60609      0.37419492   3.6589031e-30      -66.805221       -66.805221       10.398261       10.398261
              2      -61.622395      0.36017908    3.692608e-30      -66.805221       -66.805221       10.365652       10.365652
              1      -60.360759      0.45033353   2.5587479e-30      -66.805221       -66.805221       12.888924       12.888924
              2       -62.16021      0.52450133   4.1557305e-30      -66.805221       -66.805221       9.2900214       9.2900214
              1       -62.22437      0.42957567   4.4457636e-30      -66.805221       -66.805221       9.1617025       9.1617025
              2      -61.742222       0.5143126   3.6027168e-30      -66.805221       -66.805221       10.125998       10.125998
              1      -62.208092      0.50787977   4.2778196e-30      -66.805221       -66.805221       9.1942567       9.1942567
              4      -61.732268      0.40447564   3.7597454e-30      -66.805221       -66.805221       10.145905       10.145905
              1       -61.81621      0.48026873   3.7454275e-30      -66.805221       -66.805221       9.9780222       9.9780222
              4      -62.056453      0.82194829   3.1833453e-30      -66.805221       -66.805221       9.4975346       9.4975346
              1      -62.256745      0.79653066   4.3554835e-30      -66.805221       -66.805221       9.0969524       9.0969524
              1      -62.148326      0.71458539    3.679441e-30      -66.805221       -66.805221       9.3137895       9.3137895
              2      -62.294386      0.68832592   4.0730052e-30      -66.805221       -66.805221       9.0216686       9.0216686
              4      -62.361566      0.66850158   4.3942148e-30      -66.805221       -66.805221       8.8873105       8.8873105
              2      -61.320065      0.63309604   2.9753201e-30      -66.805221       -66.805221       10.970311       10.970311
              2      -61.757965      0.45986656   3.7099228e-30      -66.805221       -66.805221       10.094511       10.094511
              2      -62.383647      0.25361842   6.1865478e-30      -66.805221       -66.805221       8.8431475       8.8431475
              2      -62.171646      0.36118847   6.4888341e-30      -66.805221       -66.805221       9.2671501       9.2671501
              2      -62.191115      0.43863879   6.2402799e-30      -66.805221       -66.805221       9.2282124       9.2282124
              1      -62.357943      0.43042701   5.8557097e-30      -66.805221       -66.805221       8.8945561       8.8945561
              1      -62.370163      0.48306049   5.6402669e-30      -66.805221       -66.805221       8.8701153       8.8701153
              2      -62.405505      0.48148329   5.4756614e-30      -66.805221       -66.805221       8.7994315       8.7994315
              1      -62.164043      0.39642105   4.3779971e-30      -66.805221       -66.805221       9.2823555       9.2823555
              1      -61.177336      0.44532261    3.167056e-30      -66.805221       -66.805221       11.255769       11.255769
              1      -61.268087      0.44525796    3.245094e-30      -66.805221       -66.805221       11.074268       11.074268
              1      -60.362983      0.24442483   2.7272516e-30      -66.805221       -66.805221       12.884476       12.884476
              1      -61.951466      0.31832109   4.1397674e-30      -66.805221       -66.805221       9.7075092       9.7075092
              2      -62.318238       0.1565633   6.5219394e-30      -66.805221       -66.805221       8.9739658       8.9739658
              2      -62.449195      0.21921429   5.4669538e-30      -66.805221       -66.805221        8.712052        8.712052
              2      -62.383293      0.24994312   5.0892394e-30      -66.805221       -66.805221       8.8438557       8.8438557
              1      -61.352656      0.40172068   7.3927887e-30      -66.805221       -66.805221       10.905129       10.905129
              2      -60.072549      0.42834021   8.2552583e-30      -66.805221       -66.805221       13.465343       13.465343
              1      -62.406376      0.51434281   4.8857789e-30      -66.805221       -66.805221       8.7976898       8.7976898
              1      -61.018134        0.682198   6.4362468e-30      -66.805221       -66.805221       11.574174       11.574174
              1      -62.376704      0.58775801   4.6033995e-30      -66.805221       -66.805221       8.8570335       8.8570335
              1      -62.347537      0.59809007    4.454266e-30      -66.805221       -66.805221       8.9153666       8.9153666
              2      -62.021851      0.65625374   3.6439743e-30      -66.805221       -66.805221         9.56674         9.56674
              1      -61.802792       0.6435971   5.9751913e-30      -66.805221       -66.805221       10.004858       10.004858
              1      -62.076171      0.60322099   5.8186705e-30      -66.805221       -66.805221       9.4580995       9.4580995
              1      -62.335979      0.60109796   4.4064324e-30      -66.805221       -66.805221       8.9384835       8.9384835
              1      -62.340814      0.71295675   4.6200648e-30      -66.805221       -66.805221       8.9288134       8.9288134
              4      -61.768612      0.63027537   3.3994787e-30      -66.805221       -66.805221       10.073217       10.073217
              1       -61.81315      0.50561567   6.5697115e-30      -66.805221       -66.805221       9.9841425       9.9841425
              2      -62.462098     0.022156556   6.4938518e-30      -66.805221       -66.805221       8.6862448       8.6862448
              5      -62.203087      0.40796005   4.4355456e-30      -66.805221       -66.805221       9.2042676       9.2042676
              8       -62.23401     0.073058183   4.7837737e-30      -66.805221       -66.805221       9.1424215       9.1424215
              5       -62.09966      0.15400446    6.979751e-30      -66.805221       -66.805221       9.4111217       9.4111217
              2       -62.29917      0.81338528   4.0103348e-30      -66.805221       -66.805221       9.0121008       9.0121008
              2      -62.277779      0.82626136   4.0250331e-30      -66.805221       -66.805221       9.0548828       9.0548828
              1      -61.349494      0.56164115   6.8034058e-30      -66.805221       -66.805221       10.911453       10.911453
              4      -60.734477      0.78288304   5.9321009e-30      -66.805221       -66.805221       12.141488       12.141488
              1      -61.369507      0.69705551    6.084001e-30      -66.805221       -66.805221       10.871428       10.871428
              1      -61.264953      0.65781058   2.8790128e-30      -66.805221       -66.805221       11.080536       11.080536
              3       -61.25989      0.65614295   2.8786226e-30      -66.805221       -66.805221       11.090662       11.090662
              1      -62.203053      0.55602752   4.1721202e-30      -66.805221       -66.805221       9.2043346       9.2043346
              7      -61.995903      0.49986664   3.9434596e-30      -66.805221       -66.805221       9.6186346       9.6186346
              1        -60.8694      0.85804139   5.2153811e-30      -66.805221       -66.805221       11.871642       11.871642
              4      -60.944583      0.81551975   2.2639505e-30      -66.805221       -66.805221       11.721276       11.721276
              7      -60.861728      0.73335984   2.4252381e-30      -66.805221       -66.805221       11.886985       11.886985
             10      -61.268658       0.9050711   2.1480114e-30      -66.805221       -66.805221       11.073126       11.073126
              1      -61.582703      0.45991047   3.5208666e-30      -66.805221       -66.805221       10.445035       10.445035
             15      -62.082525      0.98073137   2.3989184e-30      -66.805221       -66.805221       9.4453913       9.4453913
              1      -62.126796      0.53534526   4.0765374e-30      -66.805221       -66.805221       9.3568499       9.3568499
              3      -62.176684      0.67441019   3.8417731e-30      -66.805221       -66.805221       9.2570733       9.2570733
              1      -62.106376      0.64809968   5.5565722e-30      -66.805221       -66.805221       9.3976902       9.3976902
              1       -62.40674      0.55482509    5.120092e-30      -66.805221       -66.805221       8.7969609       8.7969609
              1      -61.916701      0.86892861   2.8217457e-30      -66.805221       -66.805221       9.7770389       9.7770389
              1      -62.038251      0.96699597   3.1290981e-30      -66.805221       -66.805221       9.5339402       9.5339402
              6      -62.112586      0.83486544   4.3691055e-30      -66.805221       -66.805221       9.3852694       9.3852694
              7      -60.931815      0.37506784   7.8309181e-30      -66.805221       -66.805221       11.746811       11.746811
              1      -59.130973      0.27416796   9.2601822e-30      -66.805221       -66.805221       15.348495       15.348495
              3      -60.036795      0.08074472   8.9761878e-30      -66.805221       -66.805221       13.536851       13.536851
              2       -58.98723     0.030007825   9.5059341e-30      -66.805221       -66.805221       15.635982       15.635982
              6      -62.218367     0.017707831   5.3339357e-30      -66.805221       -66.805221       9.1737084       9.1737084
              3      -62.458582      0.25322821   5.6279577e-30      -66.805221       -66.805221       8.6932767       8.6932767
              1      -62.213837       0.4279257   4.4266599e-30      -66.805221       -66.805221       9.1827683       9.1827683
              6      -62.226498       0.4593575   4.4017748e-30      -66.805221       -66.805221       9.1574453       9.1574453
              1       -62.37128      0.66772061   4.7194357e-30      -66.805221       -66.805221       8.8678824       8.8678824
              4       -61.70222      0.53361289   6.5852372e-30      -66.805221       -66.805221       10.206001       10.206001
              4      -61.211708      0.14523283   8.0450115e-30      -66.805221       -66.805221       11.187025       11.187025
              2      -61.894907     0.067768144   7.3317453e-30      -66.805221       -66.805221       9.8206284       9.8206284
              3      -60.967939     0.054462431   3.2699756e-30      -66.805221       -66.805221       11.674564       11.674564
              2      -62.233931      0.77945648   4.5408119e-30      -66.805221       -66.805221       9.1425798       9.1425798
              3      -61.891945      0.96028181   3.3942811e-30      -66.805221       -66.805221       9.8265519       9.8265519
              4      -62.399115       0.5701233   4.7813195e-30      -66.805221       -66.805221       8.8122109       8.8122109
              3       -62.37728      0.47845689    5.626778e-30      -66.805221       -66.805221       8.8558813       8.8558813
              2      -62.301855      0.29814868   4.7955048e-30      -66.805221       -66.805221       9.0067321       9.0067321
              2      -62.457851      0.12649126    5.557689e-30      -66.805221       -66.805221       8.6947389       8.6947389
              9      -62.459517      0.24491902   5.6135477e-30      -66.805221       -66.805221       8.6914069       8.6914069
              3      -62.457045       0.1499373   5.8823168e-30      -66.805221       -66.805221       8.6963521       8.6963521
              3      -62.447263      0.28155834   5.4161667e-30      -66.805221       -66.805221       8.7159165       8.7159165
              5      -62.078996     0.073277462   7.0846254e-30      -66.805221       -66.805221         9.45245         9.45245
              1      -62.006414     0.027914764   4.7102105e-30      -66.805221       -66.805221       9.5976142       9.5976142
              1      -61.890907      0.40794149    3.947639e-30      -66.805221       -66.805221       9.8286266       9.8286266
              1      -61.811245      0.75085072    3.129121e-30      -66.805221       -66.805221       9.9879514       9.9879514
              2       -61.87447      0.80485646   4.9064277e-30      -66.805221       -66.805221       9.8615018       9.8615018
              4      -61.979966      0.24331235   7.0444586e-30      -66.805221       -66.805221       9.6505102       9.6505102
              1      -62.397486      0.24100256   6.1467309e-30      -66.805221       -66.805221       8.8154691       8.8154691
             10      -62.421835      0.13662376   6.1854969e-30      -66.805221       -66.805221       8.7667711       8.7667711
              9      -61.816869      0.26670828   7.2232045e-30      -66.805221       -66.805221       9.9767027       9.9767027
              4      -61.831892      0.24927458   7.2316577e-30      -66.805221       -66.805221        9.946658        9.946658
              1      -62.432649      0.34636108   5.7452577e-30      -66.805221       -66.805221       8.7451432       8.7451432
              3      -62.287387      0.58354714   5.5007253e-30      -66.805221       -66.805221       9.0356672       9.0356672
             10      -61.844238      0.62840179   6.0040049e-30      -66.805221       -66.805221       9.9219645       9.9219645
              8      -62.146994      0.38373268   6.4786859e-30      -66.805221       -66.805221       9.3164526       9.3164526
              5      -61.961574      0.11800573   7.2171033e-30      -66.805221       -66.805221       9.6872939       9.6872939
              4      -60.948744      0.82090838   5.4985631e-30      -66.805221       -66.805221       11.712954       11.712954
              3      -60.850403      0.63353475   2.6242159e-30      -66.805221       -66.805221       11.909636       11.909636
              3      -60.911917      0.63729281   2.6596159e-30      -66.805221       -66.805221       11.786608       11.786608
              3      -60.560206      0.53826538   2.5822086e-30      -66.805221       -66.805221       12.490029       12.490029
              1      -62.192784      0.67399584   3.8732388e-30      -66.805221       -66.805221       9.2248743       9.2248743
              4      -61.396326      0.14430951   7.8698841e-30      -66.805221       -66.805221       10.817789       10.817789
              4      -62.308606      0.80386698   3.9205584e-30      -66.805221       -66.805221       8.9932294       8.9932294
              1      -61.134006      0.72037985   6.1164149e-30      -66.805221       -66.805221        11.34243        11.34243
              3      -62.393475      0.29516369   6.0718376e-30      -66.805221       -66.805221       8.8234922       8.8234922
             11      -61.987197      0.27920225   4.2306408e-30      -66.805221       -66.805221       9.6360467       9.6360467
              1      -61.813984      0.30184774   3.9757912e-30      -66.805221       -66.805221       9.9824733       9.9824733
              1      -61.631602      0.33880929   3.7261313e-30      -66.805221       -66.805221       10.347238       10.347238
              5      -62.346657      0.50777423   4.6223466e-30      -66.805221       -66.805221       8.9171283       8.9171283
              5      -62.184866      0.62434662   3.9838454e-30      -66.805221       -66.805221       9.2407093       9.2407093
              2      -62.289895      0.57938858   4.3162792e-30      -66.805221       -66.805221       9.0306522       9.0306522
              1      -62.383627      0.37322814   5.9270944e-30      -66.805221       -66.805221       8.8431865       8.8431865
             15      -62.353898      0.43053727   5.8689482e-30      -66.805221       -66.805221       8.9026462       8.9026462
              1      -61.985116      0.76407233   5.0611342e-30      -66.805221       -66.805221       9.6402103       9.6402103
              2      -62.197549      0.44844988   4.3617442e-30      -66.805221       -66.805221       9.2153436       9.2153436
              3      -61.828846      0.80643025   4.9427766e-30      -66.805221       -66.805221       9.9527487       9.9527487
              1      -61.574507      0.49738258   6.8578841e-30      -66.805221       -66.805221       10.461427       10.461427
              3      -61.525497      0.73850316   2.8960344e-30      -66.805221       -66.805221       10.559447       10.559447
              1      -61.971132      0.46539416   3.9678254e-30      -66.805221       -66.805221       9.6681774       9.6681774
             10      -62.427612      0.44920866   5.4244831e-30      -66.805221       -66.805221       8.7552182       8.7552182
              1      -62.390783      0.47390449   5.5859447e-30      -66.805221       -66.805221       8.8288762       8.8288762
              2      -61.838893      0.16749761   7.3413635e-30      -66.805221       -66.805221       9.9326545       9.9326545
              4      -61.225746     0.074255603   8.1046351e-30      -66.805221       -66.805221        11.15895        11.15895
              1      -61.811067      0.33074564   7.0950547e-30      -66.805221       -66.805221        9.988308        9.988308
              1      -62.449269      0.33893552   5.4855379e-30      -66.805221       -66.805221       8.7119028       8.7119028
              4      -62.426933      0.48570179    5.147203e-30      -66.805221       -66.805221       8.7565765       8.7565765
              8      -62.256145      0.63214643   5.3518339e-30      -66.805221       -66.805221       9.0981518       9.0981518
              7      -62.347598      0.50165457    5.652729e-30      -66.805221       -66.805221       8.9152453       8.9152453
              2      -61.977534      0.21409716   7.0947223e-30      -66.805221       -66.805221        9.655373        9.655373
              1      -62.142786      0.27584645   4.4833686e-30      -66.805221       -66.805221       9.3248703       9.3248703
              5      -62.231017      0.79857514   3.5853101e-30      -66.805221       -66.805221        9.148408        9.148408
              4      -61.529787      0.75034082   5.6138295e-30      -66.805221       -66.805221       10.550867       10.550867
              1      -62.394089      0.36585917   5.9047789e-30      -66.805221       -66.805221       8.8222641       8.8222641
              4      -62.434406      0.38030019   5.6193058e-30      -66.805221       -66.805221       8.7416292       8.7416292
             10      -62.406289      0.56344696   4.8625223e-30      -66.805221       -66.805221       8.7978645       8.7978645
              1      -61.381178     0.045859146   7.9838585e-30      -66.805221       -66.805221       10.848086       10.848086
              5      -61.950467     0.069303492   7.2298272e-30      -66.805221       -66.805221       9.7095081       9.7095081
              7      -62.348147      0.36628357    4.843607e-30      -66.805221       -66.805221       8.9141467       8.9141467
              2      -62.452064      0.28761384   5.4776328e-30      -66.805221       -66.805221       8.7063133       8.7063133
              3      -62.426125      0.34456585   5.7969477e-30      -66.805221       -66.805221       8.7581911       8.7581911
              4      -62.409109      0.49613525   4.9253055e-30      -66.805221       -66.805221       8.7922243       8.7922243
              2      -62.109055      0.31163119   6.7123774e-30      -66.805221       -66.805221       9.3923316       9.3923316
              1      -61.667172      0.53736474   3.4809922e-30      -66.805221       -66.805221       10.276098       10.276098
              3      -62.279404       0.7748678   4.4455542e-30      -66.805221       -66.805221       9.0516333       9.0516333
              6      -62.436713      0.43481186   5.3067338e-30      -66.805221       -66.805221       8.7370146       8.7370146
              6      -62.290277      0.19393678   4.8558666e-30      -66.805221       -66.805221       9.0298878       9.0298878
              3      -62.209242      0.18480698   4.6823934e-30      -66.805221       -66.805221       9.1919578       9.1919578
              3      -60.660013      0.20658213   2.9628511e-30      -66.805221       -66.805221       12.290415       12.290415
              2      -60.492321      0.20747392   2.8382694e-30      -66.805221       -66.805221         12.6258         12.6258
              6       -60.67351      0.13119325    3.003748e-30      -66.805221       -66.805221       12.263421       12.263421
              6      -62.372256      0.12634504   5.1242479e-30      -66.805221       -66.805221       8.8659302       8.8659302
              1      -61.903055      0.45711948   3.8903035e-30      -66.805221       -66.805221       9.8043305       9.8043305
              2      -62.066927      0.87227776    2.996601e-30      -66.805221       -66.805221       9.4765884       9.4765884
              7      -62.036469       0.6670881   3.6366828e-30      -66.805221       -66.805221       9.5375035       9.5375035
              1      -62.089846      0.63911611   3.7866517e-30      -66.805221       -66.805221        9.430749        9.430749
              1       -61.93481      0.29039873   7.0197156e-30      -66.805221       -66.805221       9.7408214       9.7408214
              7      -62.116128      0.21248378    6.874618e-30      -66.805221       -66.805221       9.3781849       9.3781849
              1      -62.063096      0.13361148   4.4481276e-30      -66.805221       -66.805221       9.4842496       9.4842496
              2      -61.382155      0.47567063   3.3046697e-30      -66.805221       -66.805221       10.846131       10.846131
              2      -62.260244      0.35534123   4.6278633e-30      -66.805221       -66.805221       9.0899545       9.0899545
              5      -62.382539      0.43994027   4.8646761e-30      -66.805221       -66.805221       8.8453635       8.8453635
              1      -62.243705     0.014605624   5.7333461e-30      -66.805221       -66.805221       9.1230317       9.1230317
              1      -60.293633     0.055228559   2.7497283e-30      -66.805221       -66.805221       13.023175       13.023175
              3        -62.4099      0.21456935   5.2181331e-30      -66.805221       -66.805221        8.790642        8.790642
              2      -62.466936     0.087054276   5.7594144e-30      -66.805221       -66.805221       8.6765697       8.6765697
              4      -61.809598      0.42976838    3.815365e-30      -66.805221       -66.805221       9.9912464       9.9912464
              2      -61.309294      0.70191039   6.1020904e-30      -66.805221       -66.805221       10.991853       10.991853
              2      -61.937956      0.46966296    6.539654e-30      -66.805221       -66.805221       9.7345299       9.7345299
              8      -62.325764      0.72154952   4.6378336e-30      -66.805221       -66.805221       8.9589135       8.9589135
              6      -62.434832      0.44473287   5.3162327e-30      -66.805221       -66.805221       8.7407781       8.7407781
              2      -62.149344      0.42880146   6.3467277e-30      -66.805221       -66.805221       9.3117532       9.3117532
              2      -62.368363      0.62640764   5.0116775e-30      -66.805221       -66.805221       8.8737163       8.8737163
              2      -60.617429      0.21620028   8.4339775e-30      -66.805221       -66.805221       12.375583       12.375583
              2      -59.916596       0.1549783   9.0100117e-30      -66.805221       -66.805221       13.777249       13.777249
              3      -61.069401      0.71407579   2.6083392e-30      -66.805221       -66.805221       11.471639       11.471639
              3      -62.423336      0.30517027   5.2135004e-30      -66.805221       -66.805221       8.7637703       8.7637703
              1       -62.47274     0.048511728   5.9179022e-30      -66.805221       -66.805221       8.6649624       8.6649624
             13      -62.516768     0.021335448   5.2235842e-30      -66.805221       -66.805221       8.5769048       8.5769048
              4      -61.141896      0.21100243   8.0128359e-30      -66.805221       -66.805221        11.32665        11.32665
              1      -62.451126      0.28328809   5.7329233e-30      -66.805221       -66.805221       8.7081897       8.7081897
              1      -60.423907      0.26996042   8.4685559e-30      -66.805221       -66.805221       12.762628       12.762628
              1      -60.209757     0.085165051   8.8957649e-30      -66.805221       -66.805221       13.190927       13.190927
              3      -58.466154      0.70654472   7.5859861e-30      -66.805221       -66.805221       16.678133       16.678133
              1      -61.957309      0.91454365   3.8620239e-30      -66.805221       -66.805221       9.6958241       9.6958241
             10      -62.363685      0.47153935   5.7034662e-30      -66.805221       -66.805221       8.8830719       8.8830719
              2      -62.256484      0.10836532   6.6987838e-30      -66.805221       -66.805221       9.0974737       9.0974737
              2      -61.536702      0.50347367   3.4074894e-30      -66.805221       -66.805221       10.537037       10.537037
              2       -61.67014      0.19825397   3.8874229e-30      -66.805221       -66.805221       10.270161       10.270161
              3      -62.313553      0.20458682   4.9072075e-30      -66.805221       -66.805221       8.9833364       8.9833364
              6      -62.273614      0.21961767   4.7999374e-30      -66.805221       -66.805221       9.0632139       9.0632139
