#        weight    minuslogpost               v              A2   minuslogprior minuslogprior__0            chi2   chi2__loglike
              2      -58.856234      0.49016441   1.6761736e-30      -66.805221       -66.805221       15.897974       15.897974
              2      -58.433259       0.5215951   1.4516751e-30      -66.805221       -66.805221       16.743923       16.743923
              1      -60.483774      0.54003063   2.5296332e-30      -66.805221       -66.805221       12.642894       12.642894
              1       -60.85579      0.52608953   2.8045446e-30      -66.805221       -66.805221       11.898861       11.898861
              1      -59.873999      0.52118615   2.1829031e-30      -66.805221       -66.805221       13.862444       13.862444
              2      -60.018402       0.4804724   2.3120697e-30      -66.805221       -66.805221       13.573638       13.573638
              1      -60.205606      0.48151215   2.4253978e-30      -66.805221       -66.805221       13.199229       13.199229
              1      -61.330899      0.44322682   3.3035373e-30      -66.805221       -66.805221       10.948643       10.948643
              1      -61.156037      0.43126733   3.1668457e-30      -66.805221       -66.805221       11.298367       11.298367
              1      -59.132959      0.43725342   1.8575013e-30      -66.805221       -66.805221       15.344524       15.344524
              2      -60.405627      0.37499565   2.6626443e-30      -66.805221       -66.805221       12.799188       12.799188
              1      -58.994471      0.39825133   1.8129452e-30      -66.805221       -66.805221       15.621499       15.621499
              1      -60.030409       0.4067029   2.3912291e-30      -66.805221       -66.805221       13.549623       13.549623
              1       -61.45273      0.40049192   3.4719331e-30      -66.805221       -66.805221       10.704981       10.704981
              1      -61.355194      0.39456494   3.3867749e-30      -66.805221       -66.805221       10.900053       10.900053
              1      -62.435809      0.38125799   5.2487486e-30      -66.805221       -66.805221       8.7388228       8.7388228
              1      -62.178308      0.33830334   4.4812898e-30      -66.805221       -66.805221       9.2538259       9.2538259
              1       -62.24273      0.36308343   6.3438784e-30      -66.805221       -66.805221        9.124982        9.124982
              1      -61.831365      0.34202457   7.0443019e-30      -66.805221       -66.805221       9.9477116       9.9477116
              3      -61.753117      0.34474136   7.1344389e-30      -66.805221       -66.805221       10.104208       10.104208
              1      -62.013628      0.30359979   6.8829651e-30      -66.805221       -66.805221       9.5831864       9.5831864
              1      -62.424442      0.33177333   5.8347087e-30      -66.805221       -66.805221       8.7615577       8.7615577
              1      -61.144379      0.35949691   7.6974953e-30      -66.805221       -66.805221       11.321684       11.321684
              3      -59.942768      0.38353099   8.4874695e-30      -66.805221       -66.805221       13.724906       13.724906
              2      -61.624656      0.35975701   7.2385609e-30      -66.805221       -66.805221        10.36113        10.36113
              1       -61.53491      0.35843035   7.3367453e-30      -66.805221       -66.805221       10.540621       10.540621
              1      -62.139715      0.34749683   6.5806365e-30      -66.805221       -66.805221       9.3310117       9.3310117
              1      -62.444232      0.37960748   5.4198165e-30      -66.805221       -66.805221       8.7219765       8.7219765
              1      -62.357491      0.37918399   6.0019436e-30      -66.805221       -66.805221       8.8954585       8.8954585
              1      -62.373877      0.36693677   5.9796697e-30      -66.805221       -66.805221       8.8626868       8.8626868
              1      -62.380431      0.36684569   5.9557686e-30      -66.805221       -66.805221       8.8495798       8.8495798
              1      -62.436557      0.42978569   5.3561207e-30      -66.805221       -66.805221       8.7373281       8.7373281
              2      -62.416474       0.4504891   5.0292295e-30      -66.805221       -66.805221       8.7774941       8.7774941
              1      -62.422311      0.45356938   5.0698339e-30      -66.805221       -66.805221       8.7658203       8.7658203
              1      -62.149015      0.44712172   6.2926487e-30      -66.805221       -66.805221       9.3124122       9.3124122
              1      -62.039457      0.47558509   6.3783669e-30      -66.805221       -66.805221       9.5315269       9.5315269
              1      -59.898971      0.47340361   8.1893133e-30      -66.805221       -66.805221       13.812499       13.812499
              1      -62.063535      0.43713643    6.464906e-30      -66.805221       -66.805221       9.4833718       9.4833718
              1      -62.426016      0.45716893   5.4116133e-30      -66.805221       -66.805221       8.7584097       8.7584097
              1      -62.303226      0.48858047   4.5289578e-30      -66.805221       -66.805221       9.0039893       9.0039893
              3       -62.31541      0.48894501   4.5613911e-30      -66.805221       -66.805221       8.9796223       8.9796223
              4      -62.388649      0.45935789    4.862768e-30      -66.805221       -66.805221       8.8331437       8.8331437
              2      -62.417456      0.49076611   5.0035424e-30      -66.805221       -66.805221       8.7755287       8.7755287
              1      -62.383199      0.47146674   5.6265085e-30      -66.805221       -66.805221       8.8440434       8.8440434
              3      -62.190621      0.45482344   4.3374928e-30      -66.805221       -66.805221          9.2292          9.2292
              2      -62.342837      0.42198695   4.7504839e-30      -66.805221       -66.805221       8.9247671       8.9247671
              1      -62.053893      0.43721775   4.1333219e-30      -66.805221       -66.805221        9.502656        9.502656
              1      -62.391169      0.44945734   4.8884671e-30      -66.805221       -66.805221       8.8281032       8.8281032
              2      -62.372096      0.45638378   4.7973095e-30      -66.805221       -66.805221       8.8662489       8.8662489
              1      -62.316373      0.46008765   4.6135827e-30      -66.805221       -66.805221       8.9776951       8.9776951
              1      -62.377805      0.48002362   5.6183397e-30      -66.805221       -66.805221       8.8548307       8.8548307
              1      -62.429411       0.4730253   5.2520597e-30      -66.805221       -66.805221       8.7516191       8.7516191
              2       -62.26722      0.49008093   4.4373773e-30      -66.805221       -66.805221       9.0760016       9.0760016
              2      -62.406527      0.46477021   4.9448248e-30      -66.805221       -66.805221       8.7973871       8.7973871
              3      -62.416569      0.48704403   4.9947323e-30      -66.805221       -66.805221       8.7773035       8.7773035
              2      -62.216501      0.50084348   5.9853625e-30      -66.805221       -66.805221       9.1774403       9.1774403
              2      -61.503847      0.53154755   6.7922879e-30      -66.805221       -66.805221       10.602748       10.602748
              3      -61.569064      0.53466908   6.7175782e-30      -66.805221       -66.805221       10.472313       10.472313
              1        -61.5807      0.49830452   6.8478072e-30      -66.805221       -66.805221       10.449041       10.449041
              1      -62.346129      0.53372435   4.5730013e-30      -66.805221       -66.805221       8.9181836       8.9181836
              1      -62.071588      0.56965684   5.9717171e-30      -66.805221       -66.805221       9.4672655       9.4672655
              1      -61.996615      0.55885258   6.1259599e-30      -66.805221       -66.805221        9.617212        9.617212
              1       -62.34725      0.54983944   4.5475991e-30      -66.805221       -66.805221       8.9159414       8.9159414
              1      -62.411275      0.49754789   4.9417294e-30      -66.805221       -66.805221       8.7878923       8.7878923
              1      -61.670432      0.49338254   3.5601298e-30      -66.805221       -66.805221       10.269577       10.269577
              1      -61.621192      0.49803948   3.5010207e-30      -66.805221       -66.805221       10.368057       10.368057
              1      -62.402271      0.50498197   4.8684386e-30      -66.805221       -66.805221       8.8058994       8.8058994
              2      -62.369212      0.53983481   4.6498504e-30      -66.805221       -66.805221       8.8720175       8.8720175
              1      -62.202467       0.4843568   6.0724889e-30      -66.805221       -66.805221       9.2055069       9.2055069
              2      -62.425312      0.47432155    5.094138e-30      -66.805221       -66.805221       8.7598177       8.7598177
              1      -62.401772      0.49529245   5.4467246e-30      -66.805221       -66.805221       8.8068973       8.8068973
              3      -62.278372      0.52857417   5.7469957e-30      -66.805221       -66.805221       9.0536966       9.0536966
              1      -62.222366      0.51987972   5.9040227e-30      -66.805221       -66.805221       9.1657097       9.1657097
              1      -61.329334      0.52385172   6.9831291e-30      -66.805221       -66.805221       10.951773       10.951773
              1      -61.119834      0.49044976   7.2904959e-30      -66.805221       -66.805221       11.370773       11.370773
              1      -61.661092      0.49567104   6.7759079e-30      -66.805221       -66.805221       10.288258       10.288258
              2      -61.499137      0.50121659   6.9165779e-30      -66.805221       -66.805221       10.612167       10.612167
              1      -61.737298      0.49883761   6.6803631e-30      -66.805221       -66.805221       10.135845       10.135845
              4      -61.544026      0.50560411    6.857479e-30      -66.805221       -66.805221       10.522389       10.522389
              1        -61.8297      0.50176173   6.5633694e-30      -66.805221       -66.805221       9.9510413       9.9510413
              1       -62.19166       0.5201162   5.9638923e-30      -66.805221       -66.805221       9.2271221       9.2271221
              2       -62.04605      0.52685794   6.1832311e-30      -66.805221       -66.805221       9.5183415       9.5183415
              2      -62.041593      0.53619226   6.1539573e-30      -66.805221       -66.805221       9.5272552       9.5272552
              2      -61.460394      0.56321047   6.6985241e-30      -66.805221       -66.805221       10.689653       10.689653
              2      -61.304133       0.5668966   6.8190665e-30      -66.805221       -66.805221       11.002175       11.002175
              2      -61.333561        0.573962   6.7621514e-30      -66.805221       -66.805221        10.94332        10.94332
              1      -61.304395      0.54871142   6.8988585e-30      -66.805221       -66.805221       11.001652       11.001652
              3      -62.423491      0.50325725    5.114545e-30      -66.805221       -66.805221       8.7634587       8.7634587
              1      -62.426141      0.40545556   5.6143636e-30      -66.805221       -66.805221       8.7581595       8.7581595
              1      -61.178087      0.34813492   3.2780612e-30      -66.805221       -66.805221       11.254268       11.254268
              3      -62.443106      0.29964357   5.7701274e-30      -66.805221       -66.805221       8.7242304       8.7242304
              4      -62.223209      0.36076414   6.3886326e-30      -66.805221       -66.805221       9.1640225       9.1640225
              3      -62.015631      0.60489366   5.8997842e-30      -66.805221       -66.805221       9.5791791       9.5791791
              1      -62.342858      0.53942262   4.5521976e-30      -66.805221       -66.805221       8.9247263       8.9247263
              3      -62.107774      0.58521486   3.9407305e-30      -66.805221       -66.805221       9.3948937       9.3948937
              2      -62.233933      0.60938657   4.1177378e-30      -66.805221       -66.805221       9.1425751       9.1425751
              1       -62.12708      0.75075297   3.5346939e-30      -66.805221       -66.805221       9.3562814       9.3562814
              2      -62.292297      0.77002278   4.4330077e-30      -66.805221       -66.805221        9.025847        9.025847
              6      -61.904702      0.62538056   5.9479073e-30      -66.805221       -66.805221       9.8010369       9.8010369
              2      -62.365005      0.58842082   5.2234037e-30      -66.805221       -66.805221       8.8804317       8.8804317
              2       -62.22211      0.75168364   4.7561814e-30      -66.805221       -66.805221       9.1662217       9.1662217
              2      -62.174624      0.94872747   2.9004949e-30      -66.805221       -66.805221       9.2611929       9.2611929
              1      -62.304722      0.80073013   3.8679874e-30      -66.805221       -66.805221       9.0009983       9.0009983
              2      -61.746317      0.77104368   3.0016707e-30      -66.805221       -66.805221       10.117807       10.117807
              1      -61.807061      0.77502994   3.0499731e-30      -66.805221       -66.805221       9.9963195       9.9963195
              1      -62.221562      0.70004463   5.0704608e-30      -66.805221       -66.805221       9.1673174       9.1673174
              6      -62.319033       0.7120561   4.7298471e-30      -66.805221       -66.805221       8.9723755       8.9723755
              1      -61.981781      0.60946763   5.9238095e-30      -66.805221       -66.805221       9.6468793       9.6468793
              2      -62.322186      0.54592698   4.4737945e-30      -66.805221       -66.805221       8.9660694       8.9660694
              2      -62.417788      0.34037507   5.8499721e-30      -66.805221       -66.805221       8.7748663       8.7748663
              1      -62.384213      0.31723433   6.0584379e-30      -66.805221       -66.805221        8.842015        8.842015
              1      -62.404646       0.2929075   5.1333562e-30      -66.805221       -66.805221       8.8011502       8.8011502
              1      -62.254681      0.39296844   4.5649192e-30      -66.805221       -66.805221         9.10108         9.10108
              1      -61.684346      0.17013664   7.5217159e-30      -66.805221       -66.805221        10.24175        10.24175
              1      -61.758138      0.16652617   7.4470479e-30      -66.805221       -66.805221       10.094166       10.094166
              3      -62.159324       0.0544179   6.9253106e-30      -66.805221       -66.805221       9.2917929       9.2917929
              3      -61.581419      0.14051706    3.818481e-30      -66.805221       -66.805221       10.447604       10.447604
              2       -62.45192     0.069321369   5.7039546e-30      -66.805221       -66.805221       8.7066011       8.7066011
              5      -62.438283       0.1513604    6.058659e-30      -66.805221       -66.805221       8.7338752       8.7338752
              2      -61.917029      0.30436298   7.0193784e-30      -66.805221       -66.805221       9.7763845       9.7763845
              1      -61.999673      0.27754843   6.9536703e-30      -66.805221       -66.805221       9.6110952       9.6110952
              2      -62.411907      0.18772758   6.1651375e-30      -66.805221       -66.805221       8.7866269       8.7866269
              1      -62.205255      0.33857993   4.5332356e-30      -66.805221       -66.805221        9.199932        9.199932
              1      -62.437513      0.36930534   5.2736288e-30      -66.805221       -66.805221       8.7354153       8.7354153
              1      -61.779378      0.47800728   3.7059041e-30      -66.805221       -66.805221       10.051685       10.051685
              2      -62.309986      0.57018862   5.4960256e-30      -66.805221       -66.805221       8.9904686       8.9904686
              1      -62.383424      0.60145014    4.625429e-30      -66.805221       -66.805221       8.8435933       8.8435933
              1      -60.597259      0.59338528   7.2114903e-30      -66.805221       -66.805221       12.415923       12.415923
              1      -61.881155      0.43905013    6.713281e-30      -66.805221       -66.805221       9.8481318       9.8481318
              7      -62.461944       0.1409551    5.801622e-30      -66.805221       -66.805221       8.6865525       8.6865525
              1      -62.368785      0.20148558   5.0755647e-30      -66.805221       -66.805221       8.8728718       8.8728718
              1      -62.087692      0.14183083   4.4862864e-30      -66.805221       -66.805221       9.4350581       9.4350581
              1        -60.5844      0.18588168    2.916042e-30      -66.805221       -66.805221       12.441641       12.441641
              3      -62.146478      0.17165067   4.5724079e-30      -66.805221       -66.805221       9.3174856       9.3174856
              1      -62.310456      0.22414217   4.8846803e-30      -66.805221       -66.805221       8.9895299       8.9895299
              2      -62.302352      0.22227333   4.8667615e-30      -66.805221       -66.805221       9.0057374       9.0057374
              2      -62.226127       0.2562658   6.6012251e-30      -66.805221       -66.805221       9.1581877       9.1581877
              1      -62.385677      0.22805211   5.1146979e-30      -66.805221       -66.805221       8.8390865       8.8390865
              1      -62.375365      0.24369196   5.0623872e-30      -66.805221       -66.805221       8.8597111       8.8597111
              1       -62.27855      0.16374877   4.8463748e-30      -66.805221       -66.805221       9.0533416       9.0533416
              1      -62.125821      0.16413771   4.5382588e-30      -66.805221       -66.805221       9.3587998       9.3587998
              2      -61.956318      0.11810472   4.2939488e-30      -66.805221       -66.805221       9.6978062       9.6978062
              1      -61.830391      0.10961545   4.1262183e-30      -66.805221       -66.805221       9.9496597       9.9496597
              1      -60.703207      0.18922986   3.0039326e-30      -66.805221       -66.805221       12.204027       12.204027
              3      -62.417395      0.15051541   5.3021407e-30      -66.805221       -66.805221       8.7756523       8.7756523
              1      -62.125063      0.18329926   4.5259588e-30      -66.805221       -66.805221       9.3603161       9.3603161
              2      -58.709724     0.020584006   1.7260792e-30      -66.805221       -66.805221       16.190994       16.190994
              3      -60.887556     0.047151159   3.2185512e-30      -66.805221       -66.805221        11.83533        11.83533
              1      -61.080943      0.08778573   3.3503126e-30      -66.805221       -66.805221       11.448555       11.448555
              1      -59.882763      0.19391788   2.4325067e-30      -66.805221       -66.805221       13.844915       13.844915
              1      -60.795849      0.21610868   3.0625734e-30      -66.805221       -66.805221       12.018743       12.018743
              1      -61.355883      0.39995877   3.3809782e-30      -66.805221       -66.805221       10.898676       10.898676
              1       -59.68889      0.41090664   8.5458482e-30      -66.805221       -66.805221       14.232661       14.232661
              1      -61.247825      0.23998627   7.8697946e-30      -66.805221       -66.805221       11.114791       11.114791
              1       -61.70026       0.2628025   3.8751311e-30      -66.805221       -66.805221       10.209922       10.209922
              3      -61.702643      0.26202046   3.8785758e-30      -66.805221       -66.805221       10.205156       10.205156
              1      -62.395317      0.51506922   5.4028136e-30      -66.805221       -66.805221        8.819807        8.819807
              2      -62.387964      0.39547431   5.8501206e-30      -66.805221       -66.805221       8.8345129       8.8345129
              2      -62.261012      0.46599862   4.4647991e-30      -66.805221       -66.805221       9.0884181       9.0884181
              1      -62.423187      0.26864677   5.2486746e-30      -66.805221       -66.805221       8.7640674       8.7640674
              6      -62.327236      0.26133734   4.9001156e-30      -66.805221       -66.805221         8.95597         8.95597
              1      -62.038497      0.26489528   4.3205191e-30      -66.805221       -66.805221        9.533447        9.533447
              3      -62.267016      0.17105257   4.8184581e-30      -66.805221       -66.805221       9.0764099       9.0764099
              1      -61.813627       0.5244628   6.4972278e-30      -66.805221       -66.805221       9.9831875       9.9831875
              1        -61.5512      0.49603746   6.8866313e-30      -66.805221       -66.805221       10.508041       10.508041
              1      -62.434804      0.42481872   5.4487698e-30      -66.805221       -66.805221       8.7408341       8.7408341
              2      -62.439547      0.39805867   5.2977561e-30      -66.805221       -66.805221       8.7313473       8.7313473
              1      -62.367337      0.54306535    5.418628e-30      -66.805221       -66.805221       8.8757675       8.8757675
              5      -61.602092      0.45604812   6.9777644e-30      -66.805221       -66.805221       10.406257       10.406257
              2      -61.436845      0.50689893   6.9540509e-30      -66.805221       -66.805221       10.736751       10.736751
              3      -62.316155      0.57630599   4.3946392e-30      -66.805221       -66.805221       8.9781311       8.9781311
              4      -62.452755     0.071965649   6.0170329e-30      -66.805221       -66.805221       8.7049309       8.7049309
              1      -62.453153     0.058765084   5.8879702e-30      -66.805221       -66.805221       8.7041364       8.7041364
              1      -62.242563      0.53370442   5.8106183e-30      -66.805221       -66.805221       9.1253149       9.1253149
              2      -61.866427      0.51284577   6.4780317e-30      -66.805221       -66.805221       9.8775867       9.8775867
              2      -61.864416      0.49547704   6.5452926e-30      -66.805221       -66.805221       9.8816091       9.8816091
              4      -62.072025      0.38788221   6.5921125e-30      -66.805221       -66.805221       9.4663908       9.4663908
              1      -62.124277      0.66291674   5.4524072e-30      -66.805221       -66.805221       9.3618883       9.3618883
              1       -62.31557      0.62829799   5.2122433e-30      -66.805221       -66.805221       8.9793017       8.9793017
              3      -62.097129      0.93031842    3.495251e-30      -66.805221       -66.805221        9.416184        9.416184
              3      -62.443265      0.38830229   5.4091569e-30      -66.805221       -66.805221       8.7239106       8.7239106
              1       -62.28059      0.10225372   4.8825367e-30      -66.805221       -66.805221        9.049262        9.049262
              6      -61.964527     0.064015908   4.3154046e-30      -66.805221       -66.805221       9.6813882       9.6813882
              1      -61.887702      0.10227738   4.2031078e-30      -66.805221       -66.805221       9.8350367       9.8350367
              7      -62.282505      0.13380161   4.8704844e-30      -66.805221       -66.805221       9.0454308       9.0454308
              1      -60.527547         0.39439   2.7286765e-30      -66.805221       -66.805221       12.555347       12.555347
              4      -62.270304      0.70877592   3.9520031e-30      -66.805221       -66.805221       9.0698335       9.0698335
              7      -62.075281      0.94587646   3.3499909e-30      -66.805221       -66.805221       9.4598795       9.4598795
              3      -62.144526      0.84059315   3.2526643e-30      -66.805221       -66.805221       9.3213891       9.3213891
              1      -62.114845      0.54146812   6.0182887e-30      -66.805221       -66.805221       9.3807512       9.3807512
              2      -62.295134      0.74570493   3.9276119e-30      -66.805221       -66.805221       9.0201729       9.0201729
              4      -62.233548      0.63486715   4.0558283e-30      -66.805221       -66.805221       9.1433451       9.1433451
              2      -61.934672      0.11667797    7.266668e-30      -66.805221       -66.805221       9.7410981       9.7410981
             10      -61.946108       0.2653761   7.0557868e-30      -66.805221       -66.805221       9.7182262       9.7182262
              3       -61.50195      0.18833343   7.7019217e-30      -66.805221       -66.805221       10.606541       10.606541
              2      -61.645375       0.2178338   7.5065671e-30      -66.805221       -66.805221       10.319691       10.319691
              1       -61.89551      0.76464409   5.1649771e-30      -66.805221       -66.805221        9.819421        9.819421
              3       -62.25386      0.69537573    5.025365e-30      -66.805221       -66.805221        9.102721        9.102721
              4      -62.172358      0.54902752    5.888545e-30      -66.805221       -66.805221       9.2657247       9.2657247
              1      -62.438749      0.37914238   5.5754422e-30      -66.805221       -66.805221       8.7329427       8.7329427
              2      -61.829631      0.54321566   6.4033884e-30      -66.805221       -66.805221       9.9511785       9.9511785
              2      -61.758463      0.56869317   6.3764988e-30      -66.805221       -66.805221       10.093516       10.093516
              2      -61.812308      0.56939923   6.3127959e-30      -66.805221       -66.805221       9.9858262       9.9858262
              3      -62.328681      0.73989356   4.0896972e-30      -66.805221       -66.805221       8.9530794       8.9530794
              1      -61.922953      0.29251246   7.0338595e-30      -66.805221       -66.805221       9.7645359       9.7645359
              7      -61.697409      0.40478085   7.0372625e-30      -66.805221       -66.805221       10.215624       10.215624
              2      -61.543964      0.25111574   7.5607056e-30      -66.805221       -66.805221       10.522514       10.522514
              2       -62.44386      0.26547252   5.3817078e-30      -66.805221       -66.805221       8.7227222       8.7227222
              3      -62.326665      0.26096963   4.8990834e-30      -66.805221       -66.805221       8.9571111       8.9571111
             11      -62.373702      0.18284354   5.1019757e-30      -66.805221       -66.805221       8.8630378       8.8630378
              1      -61.815865      0.79905736   5.0097778e-30      -66.805221       -66.805221       9.9787107       9.9787107
              8      -61.905843      0.84097864   4.5917727e-30      -66.805221       -66.805221       9.7987549       9.7987549
              2      -61.608309      0.65607402   3.1783529e-30      -66.805221       -66.805221       10.393823       10.393823
              1      -62.306383      0.78286952    4.266745e-30      -66.805221       -66.805221       8.9976749       8.9976749
              1      -61.961921      0.20672712    7.126299e-30      -66.805221       -66.805221       9.6865991       9.6865991
              1      -61.976517      0.43631151   4.0213597e-30      -66.805221       -66.805221        9.657408        9.657408
              6      -62.263675      0.57917195   4.2521874e-30      -66.805221       -66.805221       9.0830911       9.0830911
              1      -60.793561      0.45652027   7.6701514e-30      -66.805221       -66.805221       12.023319       12.023319
              2      -61.781497      0.70228582   3.2355312e-30      -66.805221       -66.805221       10.047448       10.047448
              1      -61.388798      0.68863258   6.1179409e-30      -66.805221       -66.805221       10.832846       10.832846
              4      -62.021657      0.49188911   6.3471155e-30      -66.805221       -66.805221        9.567128        9.567128
              4      -62.457985      0.24024815   5.6800839e-30      -66.805221       -66.805221       8.6944705       8.6944705
              3      -62.437682     0.084872782   6.1841366e-30      -66.805221       -66.805221       8.7350774       8.7350774
             10      -62.343617      0.27992134    4.929992e-30      -66.805221       -66.805221       8.9232074       8.9232074
              4      -61.809353     0.036712742   4.2908735e-30      -66.805221       -66.805221       9.9917355       9.9917355
              1      -61.059405      0.08439833   3.3316779e-30      -66.805221       -66.805221       11.491631       11.491631
              1      -61.407794      0.35016925   3.4857298e-30      -66.805221       -66.805221       10.794854       10.794854
              2      -62.029567     0.057675078   7.1737487e-30      -66.805221       -66.805221       9.5513065       9.5513065
              7      -61.347169      0.37337803   3.4035151e-30      -66.805221       -66.805221       10.916103       10.916103
              3      -62.332572      0.53214698   5.5856851e-30      -66.805221       -66.805221       8.9452977       8.9452977
              6      -61.588698     0.096454447   3.8425201e-30      -66.805221       -66.805221       10.433046       10.433046
              2      -61.893398      0.53575124   3.7412861e-30      -66.805221       -66.805221       9.8236452       9.8236452
              4      -60.073555     0.091572069   2.5860396e-30      -66.805221       -66.805221       13.463331       13.463331
              1      -61.632259      0.27926043   3.7845618e-30      -66.805221       -66.805221       10.345923       10.345923
              1      -61.982864      0.19476862   4.2911498e-30      -66.805221       -66.805221       9.6447129       9.6447129
              2      -62.317008      0.21704722   4.9085753e-30      -66.805221       -66.805221       8.9764247       8.9764247
              2      -62.322842      0.21968131   4.9244254e-30      -66.805221       -66.805221       8.9647573       8.9647573
              2      -61.376566      0.91322135   4.3567059e-30      -66.805221       -66.805221       10.857309       10.857309
              4       -61.05553      0.36754537    3.154783e-30      -66.805221       -66.805221       11.499382       11.499382
              2       -60.74992       0.2767626   2.9891643e-30      -66.805221       -66.805221       12.110601       12.110601
              3      -61.655446      0.36667368    3.720974e-30      -66.805221       -66.805221       10.299549       10.299549
              3      -61.656617      0.36903626   3.7195216e-30      -66.805221       -66.805221       10.297207       10.297207
              2      -61.343734      0.16383301   3.5642546e-30      -66.805221       -66.805221       10.922974       10.922974
              1      -62.111956      0.72083779   3.6009596e-30      -66.805221       -66.805221       9.3865303       9.3865303
              5      -60.940257      0.59631369   6.9624835e-30      -66.805221       -66.805221       11.729927       11.729927
              2      -62.054648      0.62455522   5.7517426e-30      -66.805221       -66.805221       9.5011459       9.5011459
              3      -61.785339      0.83684792   2.8150767e-30      -66.805221       -66.805221       10.039764       10.039764
              5      -60.944941      0.94616507   1.7815274e-30      -66.805221       -66.805221       11.720559       11.720559
              4       -61.93824      0.13303467   7.2456016e-30      -66.805221       -66.805221       9.7339621       9.7339621
              3      -62.416316      0.49341397   5.3467422e-30      -66.805221       -66.805221       8.7778101       8.7778101
              2      -61.811625       0.1582779   7.3834175e-30      -66.805221       -66.805221       9.9871924       9.9871924
              1       -62.24361      0.29268987   6.4961125e-30      -66.805221       -66.805221        9.123221        9.123221
              9      -62.376311      0.61452393   5.0317278e-30      -66.805221       -66.805221       8.8578186       8.8578186
              2      -62.387675      0.57688551   5.1606379e-30      -66.805221       -66.805221       8.8350925       8.8350925
             10      -62.265991      0.71004713   3.9372856e-30      -66.805221       -66.805221       9.0784595       9.0784595
              2      -60.837716      0.61863061   6.9192649e-30      -66.805221       -66.805221       11.935009       11.935009
              1      -61.300123      0.57639394    6.779127e-30      -66.805221       -66.805221       11.010196       11.010196
              2      -61.178205      0.58625301   6.8321062e-30      -66.805221       -66.805221       11.254032       11.254032
              2      -61.983975      0.67654444   5.5853944e-30      -66.805221       -66.805221       9.6424917       9.6424917
             10      -62.255465       0.8714237   3.4862946e-30      -66.805221       -66.805221        9.099512        9.099512
              2      -62.254061       0.8276424   4.1115701e-30      -66.805221       -66.805221       9.1023202       9.1023202
              2      -62.332902      0.73480587   4.5054408e-30      -66.805221       -66.805221        8.944638        8.944638
              1      -62.354817      0.68855449   4.3242697e-30      -66.805221       -66.805221       8.9008079       8.9008079
              6      -62.260585      0.76892734    3.755672e-30      -66.805221       -66.805221       9.0892708       9.0892708
              2      -61.535896      0.17901462   3.7509129e-30      -66.805221       -66.805221        10.53865        10.53865
              2      -61.680087      0.47734328   6.8213475e-30      -66.805221       -66.805221       10.250268       10.250268
              4      -61.964159      0.27426627   4.2015356e-30      -66.805221       -66.805221       9.6821233       9.6821233
              4      -61.429977      0.62370786   6.4388051e-30      -66.805221       -66.805221       10.750486       10.750486
              4      -61.022642      0.68867147   6.3937965e-30      -66.805221       -66.805221       11.565157       11.565157
              2      -62.428743      0.42965924   5.4949412e-30      -66.805221       -66.805221       8.7529555       8.7529555
              7      -62.433415     0.098549411   5.4175168e-30      -66.805221       -66.805221       8.7436108       8.7436108
              9      -62.403484      0.58538252   4.9235549e-30      -66.805221       -66.805221        8.803473        8.803473
              2      -62.057021      0.80873049    4.652462e-30      -66.805221       -66.805221       9.4964003       9.4964003
             11      -61.663905      0.51400128   6.7034686e-30      -66.805221       -66.805221       10.282632       10.282632
              1      -61.577312      0.51478363   6.7890798e-30      -66.805221       -66.805221       10.455818       10.455818
              4       -61.61034      0.26504789   7.4683566e-30      -66.805221       -66.805221       10.389762       10.389762
              2      -62.122359      0.60958212   5.7154473e-30      -66.805221       -66.805221       9.3657226       9.3657226
              3      -62.026813      0.68969046   3.5630489e-30      -66.805221       -66.805221       9.5568164       9.5568164
              3      -61.120228      0.62320453   2.8376345e-30      -66.805221       -66.805221       11.369986       11.369986
              4      -61.163498      0.77421187   2.5216968e-30      -66.805221       -66.805221       11.283445       11.283445
              1       -61.62396      0.89453327   2.4399921e-30      -66.805221       -66.805221       10.362521       10.362521
              2      -61.359506     0.084731313   7.9690401e-30      -66.805221       -66.805221       10.891429       10.891429
              7      -62.306447      0.19659616   6.5050711e-30      -66.805221       -66.805221       8.9975474       8.9975474
              4       -62.10163     0.083937996     4.52683e-30      -66.805221       -66.805221       9.4071809       9.4071809
              3      -62.302187      0.72412318   4.0069343e-30      -66.805221       -66.805221       9.0060665       9.0060665
              6       -61.83068      0.20463285   4.0767326e-30      -66.805221       -66.805221       9.9490805       9.9490805
              1      -60.878108      0.23348163   3.1178702e-30      -66.805221       -66.805221       11.854225       11.854225
              4      -61.248424      0.91406091   2.0965106e-30      -66.805221       -66.805221       11.113594       11.113594
              1      -59.559845     0.077545267   9.2978718e-30      -66.805221       -66.805221       14.490752       14.490752
              1      -62.440588     0.076127421   5.4220704e-30      -66.805221       -66.805221       8.7292652       8.7292652
              6      -62.234607      0.72050854   3.8319431e-30      -66.805221       -66.805221       9.1412274       9.1412274
              6        -62.3746      0.48675514   4.7596774e-30      -66.805221       -66.805221       8.8612415       8.8612415
              2      -62.416078      0.53155839   5.1203007e-30      -66.805221       -66.805221       8.7782857       8.7782857
              2      -62.416413      0.46505352   5.4695874e-30      -66.805221       -66.805221       8.7776153       8.7776153
              1      -61.099262      0.78212882   2.4564318e-30      -66.805221       -66.805221       11.411917       11.411917
              3      -61.390124      0.35771338    3.460886e-30      -66.805221       -66.805221       10.830194       10.830194
              1      -61.588302      0.45106436    3.539512e-30      -66.805221       -66.805221       10.433838       10.433838
              4      -62.365747     0.087903584   5.1283762e-30      -66.805221       -66.805221       8.8789477       8.8789477
              3      -62.428415     0.023871776   5.5439082e-30      -66.805221       -66.805221       8.7536108       8.7536108
              2      -62.133523      0.54862935   5.9586274e-30      -66.805221       -66.805221       9.3433951       9.3433951
              1      -62.022213      0.72150524   3.4669323e-30      -66.805221       -66.805221       9.5660161       9.5660161
             13      -62.037304      0.96621765   3.1420654e-30      -66.805221       -66.805221       9.5358342       9.5358342
              4      -60.278918      0.54181402   7.6632262e-30      -66.805221       -66.805221       13.052606       13.052606
              2      -60.318659      0.44474941   8.0410978e-30      -66.805221       -66.805221       12.973123       12.973123
              6      -61.232627     0.080970282   8.0524975e-30      -66.805221       -66.805221       11.145188       11.145188
              1       -61.59584      0.66553789   3.1444708e-30      -66.805221       -66.805221       10.418761       10.418761
              4      -61.730016      0.58812436   6.3211193e-30      -66.805221       -66.805221        10.15041        10.15041
              3      -62.161933      0.23183124   4.5580483e-30      -66.805221       -66.805221       9.2865756       9.2865756
              5      -60.106416      0.47819919   2.3678078e-30      -66.805221       -66.805221       13.397609       13.397609
              2      -59.633516      0.47874621   2.0916065e-30      -66.805221       -66.805221       14.343409       14.343409
              1      -61.095686      0.88932059   4.7800721e-30      -66.805221       -66.805221       11.419069       11.419069
              4      -60.546279      0.25399388   8.4175682e-30      -66.805221       -66.805221       12.517883       12.517883
              4      -62.450663      0.31406796    5.450876e-30      -66.805221       -66.805221       8.7091147       8.7091147
              2      -62.338382      0.34156535   6.1544681e-30      -66.805221       -66.805221        8.933678        8.933678
              6      -62.345703      0.41394175   4.7704975e-30      -66.805221       -66.805221       8.9190364       8.9190364
              2      -62.291478      0.17109829    4.876829e-30      -66.805221       -66.805221       9.0274846       9.0274846
              9      -61.828922      0.33028951   3.9649422e-30      -66.805221       -66.805221       9.9525984       9.9525984
              4      -62.020532      0.24686801   4.3089447e-30      -66.805221       -66.805221       9.5693767       9.5693767
              4      -61.908683      0.22950004   4.1624779e-30      -66.805221       -66.805221       9.7930757       9.7930757
             14      -62.269659     0.091496586   4.8650158e-30      -66.805221       -66.805221       9.0711235       9.0711235
              1      -61.821544      0.44671515     3.80464e-30      -66.805221       -66.805221        9.967354        9.967354
              3       -62.34257      0.48299138   5.7368609e-30      -66.805221       -66.805221       8.9253011       8.9253011
              1      -62.389146      0.62663998   4.8298216e-30      -66.805221       -66.805221       8.8321501       8.8321501
              2      -60.577474       0.8116955   5.7871664e-30      -66.805221       -66.805221       12.455494       12.455494
              2      -60.179543       0.8119494   5.9883173e-30      -66.805221       -66.805221       13.251355       13.251355
              3      -59.547868       0.4231592   8.5837053e-30      -66.805221       -66.805221       14.514705       14.514705
              1      -60.310401      0.23867227   8.6102556e-30      -66.805221       -66.805221        12.98964        12.98964
              3      -61.320231      0.60629619   3.0291001e-30      -66.805221       -66.805221       10.969979       10.969979
              3      -61.138939      0.20449271   3.3543169e-30      -66.805221       -66.805221       11.332563       11.332563
              3      -61.889415      0.37850807   3.9850046e-30      -66.805221       -66.805221        9.831611        9.831611
